[{"id": 0, "img_name": "0", "width": 1425, "height": 1900, "position": [-1.311361883958165, 1.988064583910759, -4.033890118377137], "rotation": [[0.9872374497178148, -0.10917856807864151, 0.11594075274450492], [0.11164574797545335, 0.9936351039368856, -0.014983563772881087], [-0.11356691786636876, 0.02773662734782071, 0.9931431088567758]], "fy": 1596.1519673628234, "fx": 1597.051089209958}, {"id": 1, "img_name": "1", "width": 1425, "height": 1900, "position": [-0.2862362173374486, 1.7686684779342154, -3.9479171795250223], "rotation": [[0.9992687190901566, 0.01965023199922828, -0.032800844963114584], [-0.01903457530022737, 0.9996387051700316, 0.018977462135988565], [0.033161905721139556, -0.01833923412684975, 0.9992817222888563]], "fy": 1596.1519673628234, "fx": 1597.051089209958}, {"id": 2, "img_name": "10", "width": 1425, "height": 1900, "position": [0.11355302839512739, -3.625825757478061, 1.9232399868890213], "rotation": [[-0.9951295415946453, 0.09850317115766034, 0.003784272389170794], [0.012245959479106285, 0.08544056423677937, 0.9962680093525721], [0.09781222787600154, 0.9914620694987707, -0.08623069536509417]], "fy": 1596.1519673628234, "fx": 1597.051089209958}, {"id": 3, "img_name": "11", "width": 1425, "height": 1900, "position": [-1.1911662904043487, -3.745355863824417, 1.9836290055687438], "rotation": [[-0.9625861712984689, -0.12119598179817738, 0.2423621191954931], [0.22501817185560186, 0.14082715828403167, 0.9641237129250617], [-0.15097908848485403, 0.982588034471019, -0.10828697684699887]], "fy": 1596.1519673628234, "fx": 1597.051089209958}, {"id": 4, "img_name": "12", "width": 1425, "height": 1900, "position": [-2.0933515948994743, -3.2275741693078372, 1.4004773687856553], "rotation": [[-0.7903127884859527, -0.36490286809815603, 0.4921906065837675], [0.44901182990397176, 0.20164344488169275, 0.8704759030223239], [-0.4168861630731391, 0.9089476431511243, 0.004484311337597019]], "fy": 1596.1519673628234, "fx": 1597.051089209958}, {"id": 5, "img_name": "13", "width": 1425, "height": 1900, "position": [-2.994942920340047, -2.542890677481697, 0.7906372513715508], "rotation": [[-0.5288197324144898, -0.5609445283058511, 0.6369387150839506], [0.5999364518143281, 0.2837857477213279, 0.7480253359176288], [-0.6003548487299007, 0.777693310729862, 0.18645956680343556]], "fy": 1596.1519673628234, "fx": 1597.051089209958}, {"id": 6, "img_name": "15", "width": 1425, "height": 1900, "position": [-3.351550448901591, -0.5969128798842924, -1.0507894338977908], "rotation": [[0.05264233258673157, -0.7578715084317013, 0.6502765269693235], [0.6936065285793165, 0.4962242105151355, 0.5221795825295932], [-0.7184279840958157, 0.42354729323428336, 0.551787026000009]], "fy": 1596.1519673628234, "fx": 1597.051089209958}, {"id": 7, "img_name": "16", "width": 1425, "height": 1900, "position": [-2.8504840013662527, -0.10062723819740578, -1.9632513800300648], "rotation": [[0.4783537272909762, -0.6483635025948903, 0.5922858094617124], [0.5319264407983109, 0.7505751790881319, 0.39203464402583094], [-0.6987359824472125, 0.12752124936536804, 0.7039221248077266]], "fy": 1596.1519673628234, "fx": 1597.051089209958}, {"id": 8, "img_name": "17", "width": 1425, "height": 1900, "position": [-2.56811736754763, 0.26444865970541426, -2.429967440886143], "rotation": [[0.7307080105872361, -0.49528236054973146, 0.4698523029548006], [0.4525250157080142, 0.8667073697968126, 0.2098557726114602], [-0.511162316120922, 0.05927662665990022, 0.8574376759331941]], "fy": 1596.1519673628234, "fx": 1597.051089209958}, {"id": 9, "img_name": "18", "width": 1425, "height": 1900, "position": [-1.764327740854596, 0.8688582187950842, -3.2316746463972748], "rotation": [[0.923432027239447, -0.2611164166982207, 0.28123212476373766], [0.23622003835995517, 0.9642996645956051, 0.119692315283917], [-0.30244567205643164, -0.04409505404786872, 0.952146124112706]], "fy": 1596.1519673628234, "fx": 1597.051089209958}, {"id": 10, "img_name": "19", "width": 1425, "height": 1900, "position": [-0.7088809735460944, 2.0000731848394135, -3.3852667309874542], "rotation": [[0.9960844471585476, -0.05526094629072074, 0.06900726008112973], [0.060051060464160415, 0.9957808270522119, -0.0693859828232089], [-0.06488177144607221, 0.07325825748860648, 0.9952002730323947]], "fy": 1596.1519673628234, "fx": 1597.051089209958}, {"id": 11, "img_name": "2", "width": 1425, "height": 1900, "position": [0.8762440507094807, 1.1918276413935667, -3.22786148759125], "rotation": [[0.9383560646142617, 0.25328779122009776, -0.23523008060296968], [-0.2165917746853144, 0.9611772325689527, 0.17095710201613573], [0.26939914465399006, -0.10946973284855321, 0.9567865375567136]], "fy": 1596.1519673628234, "fx": 1597.051089209958}, {"id": 12, "img_name": "20", "width": 1425, "height": 1900, "position": [1.278868044326646, 2.651107699990582, -2.5872995643100936], "rotation": [[0.9328829651931687, 0.13253674860594106, -0.3349080224798548], [-0.16754163631067223, 0.9827940414910303, -0.07775392023602], [0.3188403571612975, 0.12864634576501768, 0.939037243333066]], "fy": 1596.1519673628234, "fx": 1597.051089209958}, {"id": 13, "img_name": "21", "width": 1425, "height": 1900, "position": [3.114302228314948, 1.4541240507071185, -1.0043089612223388], "rotation": [[0.5102725240446725, 0.4164158639224748, -0.7524757667053328], [-0.4355212605639653, 0.87959007033522, 0.19142241186563663], [0.741581541573045, 0.23004159719794554, 0.6301886072889326]], "fy": 1596.1519673628234, "fx": 1597.051089209958}, {"id": 14, "img_name": "22", "width": 1425, "height": 1900, "position": [3.369388303154426, -0.04863539082931143, 0.8456336505811255], "rotation": [[0.07442453257133265, 0.5521817737581033, -0.8303952538887087], [-0.49305718281100497, 0.7441776293304325, 0.450659816804885], [0.8668077084509654, 0.37589219828761006, 0.3276422619817142]], "fy": 1596.1519673628234, "fx": 1597.051089209958}, {"id": 15, "img_name": "23", "width": 1425, "height": 1900, "position": [2.505745732290836, -1.3618629287173878, 2.3321486495792776], "rotation": [[-0.597304429144825, 0.5100025060360268, -0.6189708092963241], [-0.33749829660134156, 0.540272923327263, 0.7708437378033282], [0.7275454066346421, 0.6693299725519436, -0.150582433000822]], "fy": 1596.1519673628234, "fx": 1597.051089209958}, {"id": 16, "img_name": "24", "width": 1425, "height": 1900, "position": [1.1402740602388601, -2.389852784245401, 3.400936762340535], "rotation": [[-0.8992095639606689, 0.35824985146812915, -0.25115573655548173], [-0.1336055422566336, 0.3217831995378052, 0.9373393897481977], [0.41661939364361555, 0.8764203423119961, -0.24148636487750075]], "fy": 1596.1519673628234, "fx": 1597.051089209958}, {"id": 17, "img_name": "25", "width": 1425, "height": 1900, "position": [-0.9590584221215528, -2.6598300480537658, 3.9386703007772157], "rotation": [[-0.9750273244851116, 0.07826136334770575, 0.20783858042808923], [0.22025716419224386, 0.2209463455977512, 0.9500892031746229], [0.0284341015225708, 0.9721408701283766, -0.2326663501597227]], "fy": 1596.1519673628234, "fx": 1597.051089209958}, {"id": 18, "img_name": "26", "width": 1425, "height": 1900, "position": [-2.538232245080386, -1.8750010249401972, 3.366845076067017], "rotation": [[-0.8414605364267419, -0.21035097538174186, 0.49769130270918915], [0.4427792545904836, 0.2594446977428093, 0.8582744202860983], [-0.3096622310529904, 0.9425714381250325, -0.12517342645382953]], "fy": 1596.1519673628234, "fx": 1597.051089209958}, {"id": 19, "img_name": "27", "width": 1425, "height": 1900, "position": [-3.5184115413274157, -0.15567297571914832, 2.2289084609501897], "rotation": [[-0.48367343218944175, -0.41436902261014436, 0.7709463821143457], [0.722914066574866, 0.30742782907647775, 0.6187757124011203], [-0.49341185975032587, 0.8566133567779793, 0.15085852195778318]], "fy": 1596.1519673628234, "fx": 1597.051089209958}, {"id": 20, "img_name": "28", "width": 1425, "height": 1900, "position": [-3.8525587842114284, 0.7723695492488611, 0.9155813797205862], "rotation": [[-0.05399947844043663, -0.6072550417209568, 0.7926697740122551], [0.7760057074515074, 0.4740576256654616, 0.4160342648762365], [-0.6284100558797941, 0.6375819020744738, 0.4456345137175192]], "fy": 1596.1519673628234, "fx": 1597.051089209958}, {"id": 21, "img_name": "29", "width": 1425, "height": 1900, "position": [-3.026231688016742, 1.921757915026144, -0.40209962960865414], "rotation": [[0.44300869857670727, -0.6127475917251077, 0.6544338635954382], [0.7157732495712199, 0.6812856403639335, 0.15335752812353534], [-0.5398258498660726, 0.4004875342242072, 0.7404037997926445]], "fy": 1596.1519673628234, "fx": 1597.051089209958}, {"id": 22, "img_name": "3", "width": 1425, "height": 1900, "position": [1.8349679508869896, 0.661359609997895, -2.8113633733468917], "rotation": [[0.8152122044797478, 0.4213320133604843, -0.3973768943772026], [-0.3565383590922719, 0.9057907093053595, 0.2289619825033922], [0.4564093120906495, -0.04497249663621289, 0.888632665606687]], "fy": 1596.1519673628234, "fx": 1597.051089209958}, {"id": 23, "img_name": "30", "width": 1425, "height": 1900, "position": [-2.8090415507666666, 2.8902644950332532, -0.9109570454654504], "rotation": [[0.6283401969254623, -0.5217631053849103, 0.5770198079674268], [0.6034548304215689, 0.7950030033662369, 0.0617453826576424], [-0.4909489429345446, 0.30940828446852886, 0.8143928099717573]], "fy": 1596.1519673628234, "fx": 1597.051089209958}, {"id": 24, "img_name": "31", "width": 1425, "height": 1900, "position": [-0.8995753439222399, 3.9605139721615252, -2.115396863524328], "rotation": [[0.9718811531387299, -0.19109881918978966, 0.13758003299171187], [0.21362792525679056, 0.961329996554003, -0.17380376082225524], [-0.0990461191779444, 0.1983075364925616, 0.975122549860293]], "fy": 1596.1519673628234, "fx": 1597.051089209958}, {"id": 25, "img_name": "32", "width": 1425, "height": 1900, "position": [1.4791270129315475, 3.64770488473043, -1.2593158034720668], "rotation": [[0.9414636170896405, -0.01629526984373772, -0.3367205397317046], [-0.02686703194582226, 0.9920270616426909, -0.12312786671988964], [0.33604228943826825, 0.1249670882644247, 0.9335195801694781]], "fy": 1596.1519673628234, "fx": 1597.051089209958}, {"id": 26, "img_name": "33", "width": 1425, "height": 1900, "position": [1.6866229536365553, 3.468401352917547, -0.9959629263398472], "rotation": [[0.9188566337410049, 0.01470498675806632, -0.3943174482502565], [-0.06475661936986286, 0.9913762894295495, -0.11392819231728757], [0.3892416561442716, 0.13021834018809814, 0.9118849253062151]], "fy": 1596.1519673628234, "fx": 1597.051089209958}, {"id": 27, "img_name": "34", "width": 1425, "height": 1900, "position": [3.14324317976638, 2.617951150085411, 0.3276834095220836], "rotation": [[0.6606946069688623, 0.2659195506745233, -0.7019753762713619], [-0.29405145199324817, 0.9520990834309719, 0.08391113698768378], [0.6906637241834284, 0.15097724298371265, 0.7072407597120757]], "fy": 1596.1519673628234, "fx": 1597.051089209958}, {"id": 28, "img_name": "35", "width": 1425, "height": 1900, "position": [3.426005052765031, 1.023568079590614, 2.0423958509049025], "rotation": [[0.04041720528490065, 0.4907036816833899, -0.8703886179743647], [-0.4728368182638936, 0.7767823411325462, 0.41597420328515355], [0.8802225814025881, 0.39473927000870723, 0.26341813890079246]], "fy": 1596.1519673628234, "fx": 1597.051089209958}, {"id": 29, "img_name": "36", "width": 1425, "height": 1900, "position": [1.9681087572044218, -0.32436951882913495, 3.0525764700890177], "rotation": [[-0.6745907688643608, 0.5488191119450097, -0.49368499767248414], [-0.3242811777563217, 0.3804719319448305, 0.8660732225136284], [0.6631508216959116, 0.7443377535541638, -0.07869114510526527]], "fy": 1596.1519673628234, "fx": 1597.051089209958}, {"id": 30, "img_name": "37", "width": 1425, "height": 1900, "position": [0.5162596655519572, -1.4119278329562313, 4.767195966745596], "rotation": [[-0.9722909337987915, 0.23202263474168713, -0.028562860854590248], [0.060942997561370116, 0.3695259051591351, 0.9272197994351482], [0.22569069786082868, 0.8997866982701219, -0.37342684225326417]], "fy": 1596.1519673628234, "fx": 1597.051089209958}, {"id": 31, "img_name": "38", "width": 1425, "height": 1900, "position": [-1.9135757865135103, -0.8796727270736238, 4.233380840708335], "rotation": [[-0.8270283105448668, -0.1353498148749003, 0.545623131080999], [0.48264435769468916, 0.3266857780317007, 0.8126074245398595], [-0.28823358156672824, 0.9353912710973694, -0.20485256262020113]], "fy": 1596.1519673628234, "fx": 1597.051089209958}, {"id": 32, "img_name": "39", "width": 1425, "height": 1900, "position": [-3.3924593977394037, 0.2010502999904425, 3.1237763795655056], "rotation": [[-0.5595425452730501, -0.32330576885978773, 0.7631418739994147], [0.6599607046697391, 0.38319509373845984, 0.6462301358081302], [-0.5013621528607621, 0.8652369039498687, -0.0010448550460655929]], "fy": 1596.1519673628234, "fx": 1597.051089209958}, {"id": 33, "img_name": "4", "width": 1425, "height": 1900, "position": [2.617701889674515, 0.07753765069318036, -2.33816251309147], "rotation": [[0.5396270157798498, 0.6114184595433608, -0.5787660591034666], [-0.5305542955273471, 0.7807326923667429, 0.33010392691886736], [0.6536932180602871, 0.1289338217823408, 0.7456951429790766]], "fy": 1596.1519673628234, "fx": 1597.051089209958}, {"id": 34, "img_name": "40", "width": 1425, "height": 1900, "position": [-3.4242548551828915, 2.008066983752872, 1.0917592155521716], "rotation": [[0.17358201368097873, -0.5220766169819155, 0.835048076775927], [0.7271462405208946, 0.6397911725958128, 0.2488485490510326], [-0.66417439684377, 0.5640064374359507, 0.4906822893767629]], "fy": 1596.1519673628234, "fx": 1597.051089209958}, {"id": 35, "img_name": "41", "width": 1425, "height": 1900, "position": [-1.053186774585331, 2.446045121451048, -1.5536637401985554], "rotation": [[0.8425608184933622, -0.40100654438982136, 0.3595622595550454], [0.3947753517497938, 0.9139355504221504, 0.0942031386174978], [-0.3663928066851507, 0.06257444391359109, 0.9283537850293295]], "fy": 1596.1519673628234, "fx": 1597.051089209958}, {"id": 36, "img_name": "42", "width": 1425, "height": 1900, "position": [-0.010698694336609487, 2.7327773806525983, -2.7856741346284406], "rotation": [[0.9979515797047923, -0.005657663680209235, -0.06372311516546658], [0.004183795792135966, 0.9997211838107462, -0.02323898648413864], [0.06383682649912495, 0.022924778771493397, 0.9976970051577778]], "fy": 1596.1519673628234, "fx": 1597.051089209958}, {"id": 37, "img_name": "43", "width": 1425, "height": 1900, "position": [2.266156641388823, 3.299211664817148, -0.4687051256300435], "rotation": [[0.7865789948298147, 0.2723229272832105, -0.554196452684805], [-0.30570275125488156, 0.9515311870116672, 0.03367830190736889], [0.5365065822221703, 0.1429287354595675, 0.831704312729118]], "fy": 1596.1519673628234, "fx": 1597.051089209958}, {"id": 38, "img_name": "44", "width": 1425, "height": 1900, "position": [3.415614894031885, 1.8832474947737554, 1.4405314504710285], "rotation": [[0.18760303519574067, 0.48583605113886374, -0.853679349989878], [-0.5341744250494675, 0.7798164218976283, 0.32641083278875854], [0.8242953262080384, 0.39477801300550586, 0.4058171209288836]], "fy": 1596.1519673628234, "fx": 1597.051089209958}, {"id": 39, "img_name": "45", "width": 1425, "height": 1900, "position": [1.77479936321149, -1.1097332163800186, 1.6230917148232302], "rotation": [[-0.4586122267619257, 0.6173449786153181, -0.6391869858209883], [-0.5141571792635915, 0.4023246958490426, 0.7574808473629432], [0.7247877071778849, 0.6760325557903463, 0.1329013281927502]], "fy": 1596.1519673628234, "fx": 1597.051089209958}, {"id": 40, "img_name": "46", "width": 1425, "height": 1900, "position": [1.301352988078516, -2.7176213653347694, 2.3735055935502385], "rotation": [[-0.8365531211832958, 0.4336936440479318, -0.3347965031939717], [-0.2759629850107792, 0.19435529329790685, 0.9413131523945814], [0.4733110038256302, 0.8798498980391543, -0.04290513463518892]], "fy": 1596.1519673628234, "fx": 1597.051089209958}, {"id": 41, "img_name": "47", "width": 1425, "height": 1900, "position": [-0.45353366770100134, -2.666839800781444, 1.0912849813850634], "rotation": [[-0.9762415879999979, 0.2124836060984221, 0.04246267771410457], [0.015166728532856867, -0.1284778966225782, 0.9915963898810081], [0.21615349223376418, 0.968681654218169, 0.12220278465034855]], "fy": 1596.1519673628234, "fx": 1597.051089209958}, {"id": 42, "img_name": "48", "width": 1425, "height": 1900, "position": [-1.3601989220946669, -2.359748715417698, 0.07560058839773577], "rotation": [[-0.8494341980188956, -0.42461724064785555, 0.3133077435694758], [0.4147099947949134, -0.17002162249166883, 0.8939285587240757], [-0.3263083870408456, 0.8892653410708761, 0.32051519420598484]], "fy": 1596.1519673628234, "fx": 1597.051089209958}, {"id": 43, "img_name": "49", "width": 1425, "height": 1900, "position": [-1.7754667770913377, -1.3202266195021977, -1.0164408072859512], "rotation": [[-0.10287800972562265, -0.8900109303704103, 0.44418088537902095], [0.7195533896452606, 0.2417263053940294, 0.6510079206358155], [-0.6867743694729079, 0.38658626088073644, 0.6155420605720953]], "fy": 1596.1519673628234, "fx": 1597.051089209958}, {"id": 44, "img_name": "5", "width": 1425, "height": 1900, "position": [2.941871247470079, -0.6152604300715822, -1.3173314709934982], "rotation": [[0.2851019309479718, 0.7481733289512277, -0.599127331053905], [-0.59133076038042, 0.6292322089902246, 0.5043756130080006], [0.7543505954114783, 0.2104839590451496, 0.6218132213028505]], "fy": 1596.1519673628234, "fx": 1597.051089209958}, {"id": 45, "img_name": "50", "width": 1425, "height": 1900, "position": [-0.8108456802166938, -0.4380374816579798, -1.7023848004190298], "rotation": [[0.8990453019437399, -0.4229618935271489, 0.11322889064553354], [0.3524867441157425, 0.8525490477546062, 0.3858927524525396], [-0.2597511121738896, -0.30702338314311284, 0.915568676794802]], "fy": 1596.1519673628234, "fx": 1597.051089209958}, {"id": 46, "img_name": "51", "width": 1425, "height": 1900, "position": [0.2371045322226233, 0.13458148017162827, -1.9476289194509528], "rotation": [[0.9730508712488838, 0.17945177980546465, -0.14480697734031778], [-0.1303546275236706, 0.9460925697361234, 0.29650720155379634], [0.19020955035158824, -0.2696403312094642, 0.9439885691788312]], "fy": 1596.1519673628234, "fx": 1597.051089209958}, {"id": 47, "img_name": "6", "width": 1425, "height": 1900, "position": [2.923632793611005, -1.1824886946104285, -0.5083512357345885], "rotation": [[0.03546180744774724, 0.7987110535096817, -0.6006688881688418], [-0.6097710775169265, 0.4934915167183003, 0.6201978361385323], [0.7917838677545692, 0.34427717892495496, 0.5045310008662395]], "fy": 1596.1519673628234, "fx": 1597.051089209958}, {"id": 48, "img_name": "7", "width": 1425, "height": 1900, "position": [2.6687023572713553, -1.9717127018562741, 0.15791782050260306], "rotation": [[-0.29996059465752056, 0.7659427397600606, -0.5686434393023091], [-0.5460313668082935, 0.350929382924229, 0.7607222322647649], [0.7822233620355337, 0.5386838475481439, 0.31296377470332637]], "fy": 1596.1519673628234, "fx": 1597.051089209958}, {"id": 49, "img_name": "8", "width": 1425, "height": 1900, "position": [2.1118524297635517, -2.656181320370517, 0.8499858195364434], "rotation": [[-0.6974951092240486, 0.5766698761400998, -0.42538503330640826], [-0.40998717283288255, 0.16572347226534395, 0.896909275708986], [0.5877168457012545, 0.7999922403954175, 0.12083594078786362]], "fy": 1596.1519673628234, "fx": 1597.051089209958}, {"id": 50, "img_name": "9", "width": 1425, "height": 1900, "position": [1.135568968862714, -3.265554936399322, 1.4986903780429301], "rotation": [[-0.9192743925458366, 0.33166528823007235, -0.21197341293838193], [-0.1938533197527214, 0.08721045235508912, 0.9771464718356557], [0.3425718634539792, 0.9393574791224499, -0.0158759184422292]], "fy": 1596.1519673628234, "fx": 1597.051089209958}]