{"depth_integer_scale":1,"cx":320,"w":0,"fl_y":1,"fl_x":1,"frames":[{"fl_y":1598.34,"timestamp":707422.836680916,"fl_x":1598.34,"depth_path":"images/10.depth.png","cx":950.4389,"file_path":"images/10","cy":715.3487,"w":1920,"h":1440,"transform_matrix":[[-0.22194514,0.5539236,-0.8024395,-1.031511],[-0.077915266,0.8102579,0.5808711,0.057285227],[0.9719412,0.19144382,-0.13667367,-1.4723858],[0,0,0,0.99999994]]},{"file_path":"images/11","fl_y":1598.34,"transform_matrix":[[0.96759707,0.22340974,-0.117660806,0.010529709],[-0.11147583,0.79608124,0.5948341,0.029400768],[0.22655931,-0.5624434,0.7951907,-0.045037888],[0,0,0,0.9999998]],"depth_path":"images/11.depth.png","cy":715.3757,"w":1920,"timestamp":707425.887191,"fl_x":1598.34,"cx":950.3523,"h":1440},{"depth_path":"images/12.depth.png","cx":950.4125,"fl_y":1598.34,"fl_x":1598.34,"cy":715.3523,"w":1920,"timestamp":707428.871023208,"h":1440,"transform_matrix":[[0.3226526,-0.5194485,0.791245,1.4506203],[-0.079583995,0.8181053,0.56953496,0.027154215],[-0.9431659,-0.24673234,0.222624,-0.9458201],[0,0,0,0.99999994]],"file_path":"images/12"},{"h":1440,"timestamp":707429.954537708,"fl_x":1597.8881,"depth_path":"images/13.depth.png","fl_y":1597.8881,"transform_matrix":[[-0.24918272,-0.58285147,0.7734289,1.2257288],[-0.0941902,0.8094195,0.57962763,0.031981412],[-0.9638653,0.07158377,-0.25659224,-1.4830893],[0,0,0,0.9999999]],"cx":950.36346,"cy":715.3579,"w":1920,"file_path":"images/13"},{"file_path":"images/14","w":1920,"fl_y":1598.34,"timestamp":707430.938035458,"depth_path":"images/14.depth.png","h":1440,"cx":950.31464,"transform_matrix":[[-0.65398425,-0.48116127,0.58377117,0.86783445],[-0.11908443,0.82752126,0.5486599,0.010873571],[-0.74707687,0.28929684,-0.59848464,-1.8210539],[0,0,0,0.99999994]],"cy":715.3272,"fl_x":1598.34},{"timestamp":707431.988211166,"cx":950.285,"file_path":"images/15","w":1920,"h":1440,"transform_matrix":[[-0.8852533,-0.34657776,0.31017834,0.46037993],[-0.13353813,0.828208,0.5442786,0.003302358],[-0.44552705,0.4404038,-0.7794553,-1.9564289],[0,0,0,0.99999994]],"fl_y":1598.34,"fl_x":1598.34,"depth_path":"images/15.depth.png","cy":715.32245},{"timestamp":707433.055056291,"cy":715.33624,"fl_x":1597.8881,"fl_y":1597.8881,"transform_matrix":[[-0.9864543,-0.16392447,-0.006057686,-0.026456568],[-0.13910267,0.8163695,0.5605276,-0.015007734],[-0.08693888,0.5537776,-0.82811356,-1.9654962],[0,0,0,0.99999994]],"w":1920,"file_path":"images/16","depth_path":"images/16.depth.png","cx":950.2665,"h":1440},{"fl_y":1598.34,"file_path":"images/17","fl_x":1598.34,"cy":715.3287,"timestamp":707434.0885625,"w":1920,"h":1440,"transform_matrix":[[-0.92504495,0.07223045,-0.37292728,-0.4018078],[-0.15786396,0.8198574,0.5503751,-0.018523833],[0.34550107,0.5679934,-0.74700236,-1.8507825],[0,0,0,0.9999999]],"cx":950.22986,"depth_path":"images/17.depth.png"},{"cx":950.4583,"cy":715.3149,"w":1920,"fl_x":1597.8881,"depth_path":"images/18.depth.png","transform_matrix":[[-0.32709756,0.4894173,-0.80837977,-0.77887505],[-0.074481994,0.83942336,0.5383499,-0.011707043],[0.9420507,0.23630273,-0.2381206,-1.3758692],[0,0,0,0.9999998]],"h":1440,"fl_y":1597.8881,"file_path":"images/18","timestamp":707436.138905},{"transform_matrix":[[0.33078304,0.5512022,-0.76600206,-0.7390196],[-0.101715736,0.82779044,0.55174,-0.010620976],[0.93820935,-0.10459178,0.32988495,-0.7210811],[0,0,0,1]],"depth_path":"images/19.depth.png","cx":950.3852,"h":1440,"fl_y":1598.34,"file_path":"images/19","cy":715.32666,"fl_x":1598.34,"w":1920,"timestamp":707438.189247416},{"depth_path":"images/20.depth.png","fl_x":1598.34,"transform_matrix":[[0.8273877,0.39005157,-0.40409124,-0.3636298],[-0.10472171,0.8140206,0.5713178,0.010109477],[0.55178195,-0.43038413,0.7143574,-0.29783833],[0,0,0,0.99999994]],"h":1440,"timestamp":707440.222919958,"cx":950.36835,"file_path":"images/20","fl_y":1598.34,"cy":715.34595,"w":1920},{"fl_y":1597.8881,"timestamp":707442.273262041,"cx":950.4489,"file_path":"images/21","h":1440,"w":1920,"transform_matrix":[[0.9951918,0.0970173,-0.013460894,0.10676646],[-0.07006461,0.8011741,0.59431577,0.014330355],[0.068443425,-0.5905151,0.8041194,-0.10564197],[0,0,0,1]],"cy":715.36884,"fl_x":1597.8881,"depth_path":"images/21.depth.png"},{"file_path":"images/22","timestamp":707444.323604125,"transform_matrix":[[0.8859676,-0.21277566,0.4120537,0.6979854],[-0.08223153,0.80237013,0.5911349,0.00851482],[-0.4563986,-0.55761003,0.69337696,-0.21176228],[0,0,0,1]],"w":1920,"cy":715.36615,"depth_path":"images/22.depth.png","fl_x":1597.8881,"fl_y":1597.8881,"cx":950.41693,"h":1440},{"fl_x":1597.8881,"fl_y":1597.8881,"file_path":"images/23","w":1920,"cx":950.4239,"cy":715.35675,"h":1440,"transform_matrix":[[0.28916565,-0.5425258,0.7887008,1.2172657],[-0.07820579,0.807756,0.58430636,0.024954954],[-0.9540792,-0.23064232,0.19114664,-0.95021045],[0,0,0,0.9999998]],"depth_path":"images/23.depth.png","timestamp":707447.374113041},{"h":1440,"fl_y":1597.8881,"timestamp":707449.424455166,"file_path":"images/24","fl_x":1597.8881,"depth_path":"images/24.depth.png","cx":950.4769,"cy":715.3612,"transform_matrix":[[-0.3545189,-0.5683917,0.7424605,1.1979892],[-0.05892043,0.80603534,0.5889275,0.02771993],[-0.9331908,0.16503982,-0.31924462,-1.5827961],[0,0,0,0.99999994]],"w":1920},{"transform_matrix":[[-0.79104495,-0.38485408,0.47553688,0.7359055],[-0.044418596,0.81140935,0.5827878,0.03370316],[-0.6101434,0.43988866,-0.65895605,-1.9603208],[0,0,0,0.9999999]],"h":1440,"fl_y":1598.34,"fl_x":1598.34,"timestamp":707451.47479725,"file_path":"images/25","depth_path":"images/25.depth.png","cx":950.51874,"w":1920,"cy":715.35425},{"cx":950.5489,"h":1440,"fl_x":1597.8881,"timestamp":707453.52513925,"transform_matrix":[[-0.9957692,-0.075836696,0.051890813,0.12572019],[-0.027689673,0.7860913,0.6174898,0.026961891],[-0.087619305,0.6134405,-0.7848654,-2.0030487],[0,0,0,0.9999999]],"depth_path":"images/26.depth.png","file_path":"images/26","cy":715.39185,"w":1920,"fl_y":1597.8881},{"fl_x":1597.8881,"transform_matrix":[[-0.82948834,0.32251108,-0.45599964,-0.47204268],[-0.04970483,0.77057195,0.63541186,0.016397486],[0.5563079,0.549732,-0.6231502,-1.7690613],[0,0,0,0.9999998]],"file_path":"images/27","depth_path":"images/27.depth.png","w":1920,"cx":950.48566,"fl_y":1597.8881,"timestamp":707455.575481333,"h":1440,"cy":715.4112},{"fl_y":1597.4362,"depth_path":"images/28.depth.png","cy":715.39514,"w":1920,"cx":950.525,"h":1440,"transform_matrix":[[-0.102562755,0.6106758,-0.785211,-0.8367105],[-0.037682775,0.7864218,0.6165396,0.016823053],[0.99401265,0.09282292,-0.057645626,-1.225424],[0,0,0,0.99999994]],"timestamp":707457.625823541,"file_path":"images/28","fl_x":1597.4362},{"cy":715.38477,"timestamp":707458.692668166,"file_path":"images/29","cx":950.5809,"fl_y":1597.8881,"fl_x":1597.8881,"depth_path":"images/29.depth.png","transform_matrix":[[0.18155447,0.599227,-0.7797212,-0.8044308],[-0.017625306,0.79475385,0.60667586,0.021567538],[0.98322296,-0.09640189,0.15485269,-0.8995734],[0,0,0,0.99999994]],"w":1920,"h":1440},{"file_path":"images/30","h":1440,"fl_y":1597.8881,"cy":715.39087,"fl_x":1597.8881,"w":1920,"depth_path":"images/30.depth.png","cx":950.50653,"transform_matrix":[[0.7295732,0.44425166,-0.519965,-0.5184288],[-0.0434601,0.78887016,0.6130212,0.014409095],[0.6825206,-0.4246461,0.5948458,-0.30900133],[0,0,0,0.99999994]],"timestamp":707460.743010125},{"fl_x":1597.8881,"h":1440,"file_path":"images/31","timestamp":707462.810021625,"depth_path":"images/31.depth.png","transform_matrix":[[0.995592,0.08190082,-0.045708813,0.0180585],[-0.03529002,0.7786311,0.626489,0.022746583],[0.08690026,-0.62211424,0.77808905,0.013441739],[0,0,0,1]],"cx":950.5156,"cy":715.4053,"w":1920,"fl_y":1597.8881},{"fl_y":1597.8881,"timestamp":707464.860363458,"h":1440,"w":1920,"transform_matrix":[[0.942223,-0.18329337,0.2803917,0.62955004],[-0.017136574,0.8095542,0.5867949,0.026428575],[-0.3345479,-0.5576966,0.75963956,-0.04550314],[0,0,0,0.9999998]],"fl_x":1597.8881,"file_path":"images/32","cx":950.5836,"cy":715.3613,"depth_path":"images/32.depth.png"},{"timestamp":707466.910705208,"file_path":"images/33","transform_matrix":[[0.6782855,-0.41086367,0.6091961,1.1744841],[-0.020195981,0.81832814,0.57439625,0.02403167],[-0.734521,-0.40190798,0.54676235,-0.4335235],[0,0,0,0.9999998]],"w":1920,"cx":950.5862,"fl_y":1598.34,"h":1440,"depth_path":"images/33.depth.png","fl_x":1598.34,"cy":715.34796},{"timestamp":707468.961047041,"transform_matrix":[[0.1507713,-0.5507461,0.82094276,1.3619593],[-0.039475635,0.82641923,0.56167,0.021823667],[-0.98778033,-0.117090955,0.102859244,-1.078027],[0,0,0,0.99999994]],"cx":950.5391,"file_path":"images/34","cy":715.3346,"fl_x":1597.8881,"depth_path":"images/34.depth.png","w":1920,"fl_y":1597.8881,"h":1440},{"depth_path":"images/35.depth.png","transform_matrix":[[-0.5469399,-0.4915255,0.6776869,1.1505603],[-0.023400115,0.818155,0.5745213,0.028613782],[-0.83684486,0.29837066,-0.45898336,-1.7094195],[0,0,0,0.9999999]],"cx":950.5842,"cy":715.3482,"fl_x":1598.34,"fl_y":1598.34,"timestamp":707471.01138875,"file_path":"images/35","w":1920,"h":1440},{"transform_matrix":[[-0.9451967,-0.23218755,0.22954781,0.5882203],[-0.06547645,0.8235662,0.56342816,0.017812662],[-0.3198689,0.5175205,-0.7936349,-2.0103943],[0,0,0,0.99999976]],"h":1440,"depth_path":"images/36.depth.png","timestamp":707473.061730458,"fl_x":1597.8881,"cy":715.33795,"fl_y":1597.8881,"cx":950.4795,"file_path":"images/36","w":1920},{"cx":950.39905,"fl_y":1597.8881,"depth_path":"images/37.depth.png","cy":715.3324,"h":1440,"timestamp":707475.128741666,"file_path":"images/37","transform_matrix":[[-0.96925825,0.05086133,-0.240732,-0.10457122],[-0.096029684,0.8226072,0.5604425,0.010835394],[0.22653271,0.56633085,-0.7924346,-1.982339],[0,0,0,0.99999994]],"fl_x":1597.8881,"w":1920},{"cy":715.362,"timestamp":707477.162413875,"transform_matrix":[[-0.45068884,0.505981,-0.73543376,-0.5743522],[-0.048928585,0.808608,0.58630973,0.005830829],[0.8913393,0.30022696,-0.33967367,-1.5400347],[0,0,0,0.9999999]],"w":1920,"h":1440,"cx":950.50946,"fl_y":1597.8881,"file_path":"images/38","fl_x":1597.8881,"depth_path":"images/38.depth.png"},{"fl_x":1597.4362,"transform_matrix":[[0.110973746,0.72801834,-0.6765162,-0.5568841],[-0.09929922,0.6854368,0.72132933,0.05748519],[0.9888501,-0.012871084,0.14835714,-1.0748087],[0,0,0,0.9999999]],"timestamp":707479.196085916,"h":1440,"cx":950.3157,"w":1920,"file_path":"images/39","fl_y":1597.4362,"depth_path":"images/39.depth.png","cy":715.52216},{"depth_path":"images/40.depth.png","cx":950.2831,"h":1440,"timestamp":707482.246594083,"fl_x":1596.9843,"transform_matrix":[[0.9087207,0.36394086,-0.20438695,-0.0148073025],[-0.10673934,0.6759944,0.7291353,0.07306395],[0.4035266,-0.6407641,0.6531369,-0.5871762],[0,0,0,0.99999994]],"file_path":"images/40","cy":715.53156,"fl_y":1596.9843,"w":1920},{"cx":950.17834,"file_path":"images/41","fl_y":1597.4362,"transform_matrix":[[0.9428651,-0.13186038,0.3059716,0.5154128],[-0.14646648,0.66081023,0.7361233,0.07356409],[-0.2992546,-0.7388795,0.60374177,-0.6915318],[0,0,0,0.99999994]],"cy":715.5453,"fl_x":1597.4362,"w":1920,"timestamp":707484.296935416,"depth_path":"images/41.depth.png","h":1440},{"file_path":"images/42","fl_x":1597.4362,"h":1440,"cx":950.28204,"fl_y":1597.4362,"w":1920,"timestamp":707487.347443541,"transform_matrix":[[0.06395439,-0.7216068,0.689343,0.8890856],[-0.109375134,0.6815274,0.72357285,0.07068925],[-0.99194115,-0.12167262,-0.035339184,-1.3524721],[0,0,0,0.99999994]],"depth_path":"images/42.depth.png","cy":715.52466},{"fl_x":1597.4362,"fl_y":1597.4362,"cy":715.55804,"transform_matrix":[[-0.5980752,-0.6512808,0.4670539,0.5471935],[-0.12779465,0.65281063,0.74666375,0.06287396],[-0.7911855,0.3868742,-0.47366017,-1.7467827],[0,0,0,0.9999999]],"file_path":"images/43","h":1440,"depth_path":"images/43.depth.png","cx":950.2157,"timestamp":707489.397784958,"w":1920},{"fl_x":1597.4362,"file_path":"images/44","cy":715.5664,"depth_path":"images/44.depth.png","cx":950.0578,"transform_matrix":[[-0.97684014,-0.19789813,-0.081363685,-0.04321115],[-0.19148622,0.63883805,0.74513024,0.03937561],[-0.09548168,0.743453,-0.6619374,-1.7505759],[0,0,0,0.99999994]],"h":1440,"w":1920,"timestamp":707491.431456916,"fl_y":1597.4362},{"file_path":"images/45","transform_matrix":[[-0.06393294,0.6953824,-0.71579057,-0.60737145],[-0.1822358,0.69706243,0.6934653,0.05410955],[0.9811743,0.17477791,0.08215835,-1.105049],[0,0,0,0.99999994]],"fl_x":1597.4362,"w":1920,"fl_y":1597.4362,"cy":715.493,"timestamp":707494.481964958,"cx":950.11487,"depth_path":"images/45.depth.png","h":1440},{"h":1440,"fl_x":1597.4362,"file_path":"images/46","transform_matrix":[[0.75804293,0.5262137,-0.38531825,-0.33653587],[-0.1457398,0.71252215,0.686347,0.057956167],[0.6357131,-0.46412423,0.61681265,-0.55974114],[0,0,0,0.99999994]],"depth_path":"images/46.depth.png","cx":950.21124,"fl_y":1597.4362,"timestamp":707496.5656455,"cy":715.4802,"w":1920},{"fl_y":1597.8881,"cy":715.4711,"file_path":"images/47","transform_matrix":[[0.96948576,-0.029057976,0.24341984,0.49412963],[-0.15057054,0.7130038,0.68480223,0.06383119],[-0.19345824,-0.7005578,0.6868717,-0.37002963],[0,0,0,0.99999994]],"cx":950.1958,"fl_x":1597.8881,"depth_path":"images/47.depth.png","w":1920,"h":1440,"timestamp":707499.616153583},{"file_path":"images/48","cx":950.2144,"cy":715.4633,"w":1920,"timestamp":707501.683164666,"transform_matrix":[[0.64972836,-0.44932678,0.6131547,0.97376835],[-0.14629643,0.7176159,0.6808999,0.07382624],[-0.7459561,-0.5321023,0.4005205,-0.6506086],[0,0,0,0.9999999]],"depth_path":"images/48.depth.png","h":1440,"fl_x":1597.4362,"fl_y":1597.4362},{"fl_y":1597.4362,"file_path":"images/49","cx":950.20044,"cy":715.51697,"timestamp":707504.717003333,"w":1920,"fl_x":1597.4362,"transform_matrix":[[-0.34519115,-0.7157151,0.60712045,0.83040446],[-0.14605133,0.67996645,0.71855044,0.11930656],[-0.92709893,0.1593665,-0.33924952,-1.5695785],[0,0,0,0.99999994]],"depth_path":"images/49.depth.png","h":1440},{"file_path":"images/50","timestamp":707506.767344791,"depth_path":"images/50.depth.png","cx":950.2344,"h":1440,"fl_x":1596.9843,"cy":715.6626,"fl_y":1596.9843,"transform_matrix":[[-0.93461215,-0.3390399,0.10748243,0.2638152],[-0.117385015,0.5793022,0.8066163,0.110658295],[-0.33573982,0.7412564,-0.581221,-1.7994639],[0,0,0,0.99999994]],"w":1920},{"depth_path":"images/51.depth.png","file_path":"images/51","timestamp":707508.817686333,"w":1920,"cy":715.66895,"fl_y":1596.9843,"h":1440,"cx":950.09827,"transform_matrix":[[-0.8327418,0.35468048,-0.42513868,-0.22690493],[-0.16570026,0.5730174,0.8026172,0.15305293],[0.52828455,0.73881847,-0.41840497,-1.6489421],[0,0,0,0.9999999]],"fl_x":1596.9843},{"w":1920,"fl_y":1596.9843,"transform_matrix":[[0.38454676,0.69098556,-0.61209697,-0.47041816],[-0.055534124,0.67920065,0.7318486,0.23590313],[0.92143357,-0.24743778,0.29955772,-0.8754274],[0,0,0,0.9999998]],"cx":950.41125,"timestamp":707511.884863541,"cy":715.5351,"h":1440,"file_path":"images/52","depth_path":"images/52.depth.png","fl_x":1596.9843},{"depth_path":"images/53.depth.png","cy":715.48236,"fl_x":1597.4362,"fl_y":1597.4362,"transform_matrix":[[0.9552903,0.24186262,-0.17006744,-0.12887318],[-0.058197282,0.7177552,0.69385916,0.24375533],[0.2898854,-0.6529395,0.6997404,-0.37996837],[0,0,0,0.9999999]],"w":1920,"file_path":"images/53","h":1440,"cx":950.42346,"timestamp":707513.918535416},{"transform_matrix":[[0.9029361,-0.2743637,0.33080384,0.5948839],[-0.045715015,0.7040329,0.7086944,0.24724871],[-0.42733678,-0.6550284,0.6231542,-0.41092825],[0,0,0,0.99999994]],"fl_y":1597.4362,"timestamp":707515.952207166,"cx":950.4551,"cy":715.5027,"file_path":"images/54","depth_path":"images/54.depth.png","fl_x":1597.4362,"h":1440,"w":1920},{"cx":950.5439,"fl_y":1596.9843,"timestamp":707518.0025485,"file_path":"images/55","fl_x":1596.9843,"transform_matrix":[[0.26221812,-0.7530824,0.6034141,0.8327688],[0.00082587026,0.6254689,0.78024864,0.2808604],[-0.9650083,-0.20409697,0.16463122,-0.9372815],[0,0,0,0.99999994]],"depth_path":"images/55.depth.png","cy":715.61426,"h":1440,"w":1920},{"cy":715.71155,"w":1920,"fl_x":1596.9843,"transform_matrix":[[-0.52247417,-0.7174034,0.46081784,0.6050472],[-0.025145972,0.5531796,0.8326824,0.2484236],[-0.85228425,0.4234673,-0.30706188,-1.4574046],[0,0,0,0.99999994]],"depth_path":"images/56.depth.png","h":1440,"fl_y":1596.9843,"timestamp":707520.052889625,"file_path":"images/56","cx":950.44855},{"file_path":"images/57","transform_matrix":[[-0.98195016,-0.18436283,0.042241897,0.13556544],[-0.058076806,0.50644594,0.8603137,0.21294412],[-0.1800031,0.84233195,-0.5080119,-1.6192038],[0,0,0,1]],"w":1920,"fl_y":1596.9843,"timestamp":707522.103230625,"depth_path":"images/57.depth.png","cx":950.34534,"h":1440,"fl_x":1596.9843,"cy":715.76855},{"cy":715.7881,"timestamp":707524.153571583,"fl_x":1596.5323,"file_path":"images/58","fl_y":1596.5323,"depth_path":"images/58.depth.png","cx":950.2315,"h":1440,"transform_matrix":[[-0.6706179,0.61082846,-0.42090422,-0.279392],[-0.09993833,0.4878381,0.8671944,0.20244119],[0.7350402,0.6236206,-0.26610777,-1.3630658],[0,0,0,0.99999994]],"w":1920},{"file_path":"images/59","fl_x":1596.9843,"fl_y":1596.9843,"cx":950.1943,"h":1440,"timestamp":707526.187243,"w":1920,"cy":715.571,"transform_matrix":[[0.14130422,0.7667298,-0.6262259,-0.43439004],[-0.13509762,0.6415899,0.755057,0.17456686],[0.9807048,-0.022091117,0.19424273,-0.8683147],[0,0,0,0.99999994]],"depth_path":"images/59.depth.png"},{"h":1440,"file_path":"images/60","cx":949.9792,"depth_path":"images/60.depth.png","fl_x":1597.4362,"transform_matrix":[[0.79940736,0.525685,-0.29086643,-0.12716076],[-0.24074692,0.7238616,0.6465798,-0.1720027],[0.5504443,-0.4468554,0.70521736,-0.27929944],[0,0,0,0.99999994]],"cy":715.4457,"w":1920,"fl_y":1597.4362,"timestamp":707528.237584041},{"file_path":"images/61","fl_y":1598.34,"h":1440,"w":1920,"depth_path":"images/61.depth.png","cy":715.33374,"transform_matrix":[[0.9241189,0.38179612,-0.015364697,0.16659716],[-0.32034394,0.79604226,0.5135139,-0.36944398],[0.20828857,-0.46962592,0.8579438,-0.017898487],[0,0,0,0.9999998]],"cx":949.8345,"fl_x":1598.34,"timestamp":707529.304428041},{"depth_path":"images/62.depth.png","fl_y":1598.34,"h":1440,"fl_x":1598.34,"transform_matrix":[[0.92740726,0.28754294,0.23923886,0.5555734],[-0.3701366,0.7977696,0.4759861,-0.48714766],[-0.053991053,-0.52998394,0.84628737,-0.06368828],[0,0,0,0.99999994]],"cx":949.729,"w":1920,"file_path":"images/62","cy":715.32416,"timestamp":707530.371272208},{"fl_y":1598.34,"w":1920,"file_path":"images/63","depth_path":"images/63.depth.png","fl_x":1598.34,"cx":949.9456,"timestamp":707532.438282416,"cy":715.2558,"transform_matrix":[[0.53163666,-0.21612918,0.8189327,1.1937572],[-0.29657754,0.8581755,0.41901883,-0.53600514],[-0.7933502,-0.4656428,0.39213845,-0.51218945],[0,0,0,0.99999994]],"h":1440},{"fl_x":1598.7919,"timestamp":707534.505292583,"transform_matrix":[[-0.20300476,-0.4897634,0.8478923,1.3007846],[-0.29495636,0.8562885,0.423994,-0.5641213],[-0.93369704,-0.16401836,-0.31828946,-1.271397],[0,0,0,1]],"fl_y":1598.7919,"depth_path":"images/64.depth.png","w":1920,"file_path":"images/64","cx":949.93945,"cy":715.26044,"h":1440},{"fl_y":1598.7919,"transform_matrix":[[-0.78781456,-0.4374611,0.43356213,0.92923963],[-0.27125546,0.8784251,0.39343327,-0.58466357],[-0.5529636,0.19234635,-0.81069976,-1.8707999],[0,0,0,0.9999999]],"h":1440,"w":1920,"fl_x":1598.7919,"depth_path":"images/65.depth.png","cx":950.00604,"cy":715.2342,"timestamp":707536.555633208,"file_path":"images/65"},{"fl_x":1598.7919,"depth_path":"images/66.depth.png","file_path":"images/66","h":1440,"w":1920,"cx":950.1229,"transform_matrix":[[-0.78287464,-0.396934,0.47911453,0.9104159],[-0.22322309,0.8979825,0.37920806,-0.43868384],[-0.580757,0.18992294,-0.79161257,-2.137172],[0,0,0,0.9999998]],"cy":715.21594,"timestamp":707538.589304208,"fl_y":1598.7919},{"h":1440,"depth_path":"images/67.depth.png","fl_x":1598.7919,"cx":950.36005,"w":1920,"timestamp":707540.672983541,"cy":715.1955,"fl_y":1598.7919,"transform_matrix":[[-0.7107452,-0.34983322,0.6102935,1.4055394],[-0.13598289,0.9195354,0.3687322,-0.25404117],[-0.69018126,0.17908518,-0.70112664,-2.2224123],[0,0,0,0.9999999]],"file_path":"images/67"},{"timestamp":707543.706820208,"cy":715.21735,"w":1920,"fl_x":1598.7919,"transform_matrix":[[-0.930262,-0.35085136,0.107313655,0.748475],[-0.29180643,0.88481456,0.36325255,-0.21958417],[-0.22240031,0.30660522,-0.92548996,-2.237028],[0,0,0,0.99999994]],"fl_y":1598.7919,"depth_path":"images/68.depth.png","cx":949.98224,"h":1440,"file_path":"images/68"},{"fl_x":1599.2438,"depth_path":"images/69.depth.png","file_path":"images/69","cy":715.2083,"timestamp":707545.757160583,"cx":950.0141,"w":1920,"h":1440,"fl_y":1599.2438,"transform_matrix":[[-0.9570569,-0.28821713,-0.031196175,0.28311202],[-0.28013507,0.89175284,0.355389,-0.4228274],[-0.07460991,0.34886664,-0.93419796,-2.1287818],[0,0,0,0.99999994]]},{"timestamp":707548.807666833,"depth_path":"images/70.depth.png","fl_y":1599.2438,"w":1920,"h":1440,"file_path":"images/70","cy":715.1456,"transform_matrix":[[-0.7325748,0.03598465,-0.6797349,-0.60111827],[-0.19089949,0.94766474,0.25590795,-0.4410336],[0.6533695,0.3172328,-0.68736583,-1.8075272],[0,0,0,0.99999994]],"cx":950.2946,"fl_x":1599.2438},{"cy":715.21106,"depth_path":"images/71.depth.png","h":1440,"fl_x":1598.7919,"timestamp":707550.858007208,"fl_y":1598.7919,"cx":950.23706,"w":1920,"file_path":"images/71","transform_matrix":[[-0.47430593,0.26169512,-0.840565,-0.9086636],[-0.18416815,0.9041757,0.38541976,-0.4305008],[0.860881,0.33761218,-0.38065997,-1.763254],[0,0,0,0.9999999]]},{"depth_path":"images/72.depth.png","cx":950.2209,"h":1440,"transform_matrix":[[-0.26237106,0.32420325,-0.908875,-1.1865278],[-0.19688149,0.90407395,0.3793258,-0.35753164],[0.9446688,0.27846473,-0.17337322,-1.5315995],[0,0,0,0.9999999]],"w":1920,"timestamp":707552.908347416,"fl_x":1598.7919,"cy":715.2059,"file_path":"images/72","fl_y":1598.7919},{"cy":715.2127,"w":1920,"depth_path":"images/73.depth.png","fl_x":1598.7919,"file_path":"images/73","h":1440,"transform_matrix":[[-0.06253786,0.37609032,-0.9244704,-1.1331499],[-0.23398493,0.89494264,0.37990645,-0.46415773],[0.97022694,0.24007064,0.032031678,-1.1433039],[0,0,0,0.99999994]],"timestamp":707553.941852375,"cx":950.1114,"fl_y":1598.7919},{"timestamp":707556.008862166,"w":1920,"fl_y":1598.7919,"depth_path":"images/74.depth.png","cx":950.16547,"cy":715.17596,"transform_matrix":[[0.38564077,0.38070524,-0.84044325,-0.776177],[-0.22744153,0.92201775,0.31329456,-0.5883911],[0.8941766,0.07033255,0.4421558,-0.5613426],[0,0,0,0.9999999]],"file_path":"images/74","fl_x":1598.7919,"h":1440},{"timestamp":707558.059202375,"file_path":"images/75","fl_x":1599.2438,"transform_matrix":[[0.87839997,0.32453397,-0.35084358,-0.31975502],[-0.26846537,0.94238967,0.19956908,-0.6511853],[0.3953984,-0.08111211,0.9149212,-0.022808678],[0,0,0,0.99999994]],"cx":950.107,"depth_path":"images/75.depth.png","cy":715.1407,"w":1920,"h":1440,"fl_y":1599.2438},{"cy":715.13763,"w":1920,"h":1440,"cx":950.25195,"fl_y":1599.2438,"depth_path":"images/76.depth.png","file_path":"images/76","fl_x":1599.2438,"timestamp":707560.109542708,"transform_matrix":[[0.9672,0.16635256,0.19196714,0.29240492],[-0.20836437,0.9518192,0.22499907,-0.673534],[-0.14528883,-0.2576182,0.9552614,-0.039746024],[0,0,0,0.99999994]]},{"depth_path":"images/77.depth.png","cx":950.28613,"cy":715.11304,"timestamp":707562.176552333,"transform_matrix":[[0.7346424,0.06586502,0.67524993,0.89869416],[-0.21115108,0.96804416,0.13529849,-0.6827981],[-0.6447603,-0.24197577,0.72507375,-0.32885587],[0,0,0,0.99999994]],"fl_x":1600.1476,"fl_y":1600.1476,"file_path":"images/77","h":1440,"w":1920},{"timestamp":707564.226892541,"w":1920,"fl_x":1600.1476,"file_path":"images/78","transform_matrix":[[0.18555333,-0.101928584,0.97733355,1.279012],[-0.18490385,0.9732163,0.13660443,-0.6661169],[-0.96508074,-0.20606014,0.16173649,-0.90368134],[0,0,0,0.99999994]],"depth_path":"images/78.depth.png","fl_y":1600.1476,"cy":715.1099,"h":1440,"cx":950.3531},{"fl_x":1599.6957,"file_path":"images/79","fl_y":1599.6957,"transform_matrix":[[-0.52302927,-0.19081376,0.8306808,1.2141557],[-0.1331109,0.9809454,0.14151886,-0.6852164],[-0.84185624,-0.03655415,-0.5384625,-1.5911065],[0,0,0,0.9999999]],"cx":950.4796,"cy":715.1073,"depth_path":"images/79.depth.png","w":1920,"h":1440,"timestamp":707566.293902166},{"fl_x":1600.1476,"depth_path":"images/80.depth.png","h":1440,"w":1920,"timestamp":707567.344076583,"cx":950.4957,"cy":715.1,"fl_y":1600.1476,"file_path":"images/80","transform_matrix":[[-0.82429093,-0.16789734,0.54069865,1.0364156],[-0.13215233,0.98569363,0.104611635,-0.68547815],[-0.5505272,0.014775832,-0.8346864,-1.8556986],[0,0,0,0.9999998]]},{"h":1440,"fl_x":1600.1476,"transform_matrix":[[-0.97391075,-0.15319963,0.16741511,0.39239872],[-0.13736199,0.98520637,0.10246946,-0.6921817],[-0.18063672,0.07679963,-0.98054695,-1.9371091],[0,0,0,0.99999994]],"file_path":"images/81","w":1920,"timestamp":707569.39441675,"depth_path":"images/81.depth.png","cy":715.0991,"cx":950.4813,"fl_y":1600.1476},{"transform_matrix":[[-0.94091594,-0.120426476,-0.31650436,-0.26089412],[-0.16275045,0.9804276,0.11078849,-0.66856486],[0.29696774,0.15575385,-0.9420994,-1.7549175],[0,0,0,1]],"depth_path":"images/82.depth.png","fl_y":1600.1476,"timestamp":707571.411417875,"fl_x":1600.1476,"w":1920,"h":1440,"cx":950.4176,"file_path":"images/82","cy":715.1015},{"transform_matrix":[[-0.19908467,0.09992265,-0.974875,-0.79792625],[-0.13807982,0.9820038,0.1288514,-0.6542471],[0.97020596,0.16026288,-0.18170458,-1.3502783],[0,0,0,0.99999994]],"timestamp":707573.478427458,"cy":715.10376,"fl_y":1606.4742,"w":1920,"file_path":"images/83","cx":950.4777,"fl_x":1606.4742,"h":1440,"depth_path":"images/83.depth.png"},{"timestamp":707575.5287675,"cy":715.25684,"depth_path":"images/84.depth.png","fl_y":1597.4362,"cx":950.20233,"fl_x":1597.4362,"w":1920,"h":1440,"file_path":"images/84","transform_matrix":[[-0.364463,0.36917996,-0.85491127,-1.1526611],[-0.18690515,0.8703743,0.4555383,-0.5707476],[0.9122682,0.32581416,-0.24821758,-1.5050218],[0,0,0,1]]},{"transform_matrix":[[-0.33715034,0.3044271,-0.8908726,-1.2538669],[-0.023504462,0.9432594,0.33122388,-0.84419185],[0.9411574,0.1326117,-0.3108648,-1.6904916],[0,0,0,0.99999994]],"w":1920,"fl_x":1597.8881,"h":1440,"file_path":"images/85","fl_y":1597.8881,"depth_path":"images/85.depth.png","cy":715.17645,"cx":950.6774,"timestamp":707577.579107375},{"cx":950.2874,"h":1440,"file_path":"images/86","fl_x":1597.4362,"cy":715.19073,"fl_y":1597.4362,"timestamp":707580.612943541,"transform_matrix":[[0.042223446,0.37238762,-0.9271164,-1.221234],[-0.17281596,0.91667914,0.3603249,-0.81513953],[0.9840488,0.14500634,0.10305989,-1.1333659],[0,0,0,0.99999994]],"depth_path":"images/86.depth.png","w":1920},{"fl_x":1598.34,"file_path":"images/87","transform_matrix":[[0.62059253,0.28105983,-0.7320317,-0.8851421],[-0.1653351,0.95946914,0.22821763,-0.77194154],[0.76650465,-0.02059961,0.64190847,-0.41236782],[0,0,0,0.99999994]],"w":1920,"cx":950.3732,"cy":715.1313,"timestamp":707583.680118875,"depth_path":"images/87.depth.png","h":1440,"fl_y":1598.34},{"fl_y":1598.34,"transform_matrix":[[0.7629171,0.28394696,-0.5808029,-0.505443],[-0.16257235,0.9537778,0.25274166,-0.767053],[0.625722,-0.09839843,0.7738153,-0.015637338],[0,0,0,0.99999994]],"cy":715.13934,"cx":950.35706,"file_path":"images/88","w":1920,"depth_path":"images/88.depth.png","h":1440,"fl_x":1598.34,"timestamp":707585.73045875},{"fl_x":1598.34,"timestamp":707588.764295041,"w":1920,"cy":715.14624,"fl_y":1598.34,"cx":950.38904,"h":1440,"file_path":"images/89","depth_path":"images/89.depth.png","transform_matrix":[[0.9075779,0.23935269,-0.34498242,-0.61093783],[-0.14556603,0.9500187,0.2761793,-0.75968164],[0.39384404,-0.20043649,0.89705753,0.55563945],[0,0,0,0.99999994]]},{"file_path":"images/90","cy":715.1423,"w":1920,"h":1440,"cx":950.4011,"timestamp":707591.831470208,"depth_path":"images/90.depth.png","fl_y":1597.8881,"fl_x":1597.8881,"transform_matrix":[[0.9891442,0.14638218,0.01289103,0.0736508],[-0.1446237,0.95419806,0.2618974,-0.7388391],[0.02603651,-0.26091862,0.9650098,0.17305344],[0,0,0,0.99999994]]},{"file_path":"images/91","fl_x":1598.34,"transform_matrix":[[0.96156424,0.10139931,0.25517172,0.72488546],[-0.17280288,0.94567585,0.2753839,-0.71279275],[-0.21338601,-0.3088937,0.92685014,-0.16355748],[0,0,0,0.99999994]],"cy":715.1506,"h":1440,"cx":950.3174,"depth_path":"images/91.depth.png","w":1920,"timestamp":707593.881810458,"fl_y":1598.34},{"transform_matrix":[[0.5781795,-0.15350078,0.80134034,1.1094698],[-0.13365118,0.9510589,0.27861154,-0.7104009],[-0.8048889,-0.26818755,0.52936715,-0.49511778],[0,0,0,1]],"file_path":"images/92","fl_x":1597.8881,"fl_y":1597.8881,"depth_path":"images/92.depth.png","w":1920,"h":1440,"cx":950.41876,"timestamp":707595.915481,"cy":715.1489},{"transform_matrix":[[0.7427881,-0.16411722,0.6491005,0.96193695],[-0.15772769,0.89931166,0.40787324,-0.73395526],[-0.6506826,-0.40534452,0.64211214,-0.2973181],[0,0,0,0.99999994]],"cy":715.2181,"file_path":"images/93","timestamp":707598.982656416,"h":1440,"depth_path":"images/93.depth.png","fl_x":1593.369,"w":1920,"fl_y":1593.369,"cx":950.2901},{"transform_matrix":[[0.36127952,-0.33806622,0.8690157,1.447628],[-0.1591716,0.8959252,0.41470763,-0.70702356],[-0.9187718,-0.288148,0.26986888,-0.71955514],[0,0,0,0.9999999]],"h":1440,"cx":950.2932,"fl_y":1596.9843,"fl_x":1596.9843,"file_path":"images/94","timestamp":707602.016492666,"depth_path":"images/94.depth.png","cy":715.22345,"w":1920},{"transform_matrix":[[-0.355961,-0.43121016,0.82906574,1.3671825],[-0.22821137,0.90042555,0.3703425,-0.7401723],[-0.90620726,-0.057374723,-0.4189234,-1.3739465],[0,0,0,1]],"cy":715.20685,"timestamp":707604.066832875,"fl_y":1596.9843,"w":1920,"h":1440,"file_path":"images/95","depth_path":"images/95.depth.png","fl_x":1596.9843,"cx":950.1307},{"depth_path":"images/96.depth.png","file_path":"images/96","timestamp":707606.133842333,"transform_matrix":[[-0.7802797,-0.32687813,0.5332116,0.85701555],[-0.19384244,0.9369634,0.29073173,-0.7143805],[-0.5946336,0.12349305,-0.7944563,-1.8440741],[0,0,0,0.99999994]],"fl_x":1596.9843,"cx":950.25745,"cy":715.1599,"w":1920,"h":1440,"fl_y":1596.9843},{"cy":715.1959,"h":1440,"transform_matrix":[[-0.9686748,-0.24460314,0.0428796,0.11749293],[-0.21373858,0.909119,0.35751715,-0.7026804],[-0.12643248,0.33715278,-0.93292177,-1.9296628],[0,0,0,0.99999994]],"cx":950.1756,"w":1920,"fl_x":1597.4362,"file_path":"images/97","depth_path":"images/97.depth.png","fl_y":1597.4362,"timestamp":707608.16751275},{"transform_matrix":[[-0.8215238,-0.050080944,-0.56797063,-0.5174116],[-0.28202572,0.90143585,0.32844317,-0.71199495],[0.49554032,0.43000618,-0.75467515,-1.616243],[0,0,0,0.9999999]],"fl_y":1603.3109,"timestamp":707610.234522208,"file_path":"images/98","cx":950.0177,"fl_x":1603.3109,"w":1920,"depth_path":"images/98.depth.png","h":1440,"cy":715.1952},{"fl_x":1602.859,"depth_path":"images/99.depth.png","cy":715.1558,"fl_y":1602.859,"cx":950.3315,"h":1440,"timestamp":707611.268027,"file_path":"images/99","transform_matrix":[[-0.48618644,0.17259441,-0.8566411,-0.7831766],[-0.16706125,0.9438618,0.28498304,-0.71951616],[0.85773736,0.28166643,-0.43005902,-1.6910596],[0,0,0,0.9999999]],"w":1920},{"depth_path":"images/100.depth.png","w":1920,"h":1440,"fl_x":1597.4362,"transform_matrix":[[-0.38244376,0.36572757,-0.8485165,-1.2695946],[-0.18900435,0.8679458,0.4592901,-0.6462267],[0.9044415,0.33602592,-0.2628163,-1.7905188],[0,0,0,0.99999994]],"cy":715.2569,"cx":950.2147,"timestamp":707613.318366958,"fl_y":1597.4362,"file_path":"images/100"},{"timestamp":707615.402045375,"cx":950.30426,"fl_y":1596.9843,"fl_x":1596.9843,"file_path":"images/101","h":1440,"cy":715.34485,"depth_path":"images/101.depth.png","transform_matrix":[[-0.082159966,0.56455386,-0.8212971,-1.2551899],[-0.12775044,0.81131893,0.57047474,-0.086298496],[0.98839766,0.15179126,0.005464091,-1.2771695],[0,0,0,1]],"w":1920},{"transform_matrix":[[0.44481376,0.6603372,-0.6050583,-0.68488854],[-0.23937762,0.7386504,0.630154,-0.07603818],[0.86304057,-0.13546374,0.4866318,-0.57193434],[0,0,0,0.9999999]],"cx":949.9935,"depth_path":"images/102.depth.png","fl_x":1596.5323,"w":1920,"h":1440,"fl_y":1596.5323,"timestamp":707618.4525505,"file_path":"images/102","cy":715.42706},{"timestamp":707620.519559333,"fl_x":1596.5323,"cx":950.2482,"transform_matrix":[[0.93181384,0.3079224,-0.19211183,-0.2786129],[-0.1526093,0.8126788,0.56237304,-0.027360719],[0.3292925,-0.49470896,0.8042572,0.035637554],[0,0,0,0.99999994]],"file_path":"images/103","cy":715.33484,"w":1920,"depth_path":"images/103.depth.png","fl_y":1596.5323,"h":1440},{"cx":950.27325,"fl_y":1596.5323,"w":1920,"depth_path":"images/104.depth.png","transform_matrix":[[0.97040343,-0.011276216,0.24122633,0.50376034],[-0.14302824,0.77801985,0.6117418,-0.020508973],[-0.194577,-0.62813854,0.7533803,-0.038079794],[0,0,0,0.9999999]],"h":1440,"timestamp":707622.569899041,"cy":715.3804,"file_path":"images/104","fl_x":1596.5323},{"cy":715.342,"depth_path":"images/105.depth.png","w":1920,"cx":950.3455,"h":1440,"file_path":"images/105","timestamp":707624.553561,"transform_matrix":[[0.53035986,-0.4274337,0.73213327,1.3314971],[-0.12660323,0.8139797,0.5669291,-0.010231905],[-0.8382662,-0.39336684,0.37758765,-0.7250026],[0,0,0,0.99999994]],"fl_y":1596.9843,"fl_x":1596.9843},{"timestamp":707626.553892416,"transform_matrix":[[-0.2441038,-0.5860059,0.7726645,1.305547],[-0.22049472,0.80943775,0.5442358,-0.004283868],[-0.9443493,-0.037518393,-0.32679805,-1.7553525],[0,0,0,0.99999994]],"depth_path":"images/106.depth.png","h":1440,"cy":715.33746,"w":1920,"fl_x":1596.5323,"cx":950.0926,"file_path":"images/106","fl_y":1596.5323},{"fl_y":1597.4362,"timestamp":707628.554223875,"depth_path":"images/107.depth.png","cy":715.20715,"file_path":"images/107","h":1440,"cx":950.58527,"w":1920,"fl_x":1597.4362,"transform_matrix":[[-0.56639504,-0.3491837,0.7465036,1.5526315],[-0.061287496,0.92114186,0.38437164,-0.52300274],[-0.82185185,0.1719549,-0.54313076,-1.9996449],[0,0,0,0.99999994]]},{"transform_matrix":[[-0.23628224,-0.537378,0.80956525,1.5720779],[-0.09281341,0.8418286,0.5317052,-0.42790177],[-0.9672417,0.05049399,-0.24878502,-1.337221],[0,0,0,0.99999994]],"depth_path":"images/108.depth.png","fl_x":1596.9843,"timestamp":707630.571224666,"cx":950.41296,"cy":715.3097,"fl_y":1596.9843,"h":1440,"w":1920,"file_path":"images/108"},{"cy":715.35266,"w":1920,"fl_x":1596.5323,"transform_matrix":[[0.55703557,-0.4390375,0.7049522,1.1222372],[-0.09286421,0.8105887,0.57820594,-0.20293169],[-0.8252803,-0.38754612,0.41075587,-0.5522862],[0,0,0,0.9999999]],"h":1440,"depth_path":"images/109.depth.png","timestamp":707632.571556041,"file_path":"images/109","cx":950.3903,"fl_y":1596.5323},{"fl_y":1596.5323,"fl_x":1596.5323,"file_path":"images/110","transform_matrix":[[0.828457,-0.34457603,0.44150513,0.8254641],[-0.037606582,0.75232184,0.6577217,-0.046621125],[-0.558789,-0.5614975,0.61030793,-0.37373906],[0,0,0,0.99999994]],"depth_path":"images/110.depth.png","cx":950.4947,"cy":715.43567,"w":1920,"timestamp":707633.605060583,"h":1440},{"transform_matrix":[[0.98979694,-0.01597904,0.14158684,0.3216615],[-0.08666555,0.72123057,0.6872521,0.054531556],[-0.113098405,-0.6925107,0.71248704,-0.25798392],[0,0,0,0.9999999]],"depth_path":"images/111.depth.png","cx":950.3468,"cy":715.4742,"fl_y":1596.0804,"fl_x":1596.0804,"w":1920,"timestamp":707635.655400041,"file_path":"images/111","h":1440},{"h":1440,"timestamp":707637.722408583,"transform_matrix":[[0.9905041,-0.014290125,0.1367386,0.16054785],[-0.0946534,0.65045345,0.75362515,-0.061733223],[-0.09971149,-0.75941163,0.6429243,-0.8209239],[0,0,0,0.9999999]],"fl_x":1596.0804,"cx":950.321,"cy":715.57074,"fl_y":1596.0804,"depth_path":"images/112.depth.png","w":1920,"file_path":"images/112"},{"cy":715.6026,"cx":950.2322,"h":1440,"fl_y":1595.6285,"fl_x":1595.6285,"transform_matrix":[[0.9889381,0.0032949052,0.1482929,0.27911592],[-0.117921196,0.62393063,0.77253157,-0.15195826],[-0.08997908,-0.78147274,0.6174173,-0.94180703],[0,0,0,0.99999994]],"depth_path":"images/113.depth.png","timestamp":707640.772913416,"w":1920,"file_path":"images/113"},{"h":1440,"timestamp":707643.806749166,"fl_y":1596.0804,"fl_x":1596.0804,"transform_matrix":[[0.990507,0.025728539,0.13503377,0.3228758],[-0.117899,0.6641055,0.7382844,-0.112164445],[-0.070681676,-0.7471962,0.6608345,-0.95973384],[0,0,0,1]],"cy":715.54535,"file_path":"images/114","depth_path":"images/114.depth.png","w":1920,"cx":950.24524},{"transform_matrix":[[0.99468565,0.041994855,0.09400624,0.3138052],[-0.10167146,0.5446232,0.83249545,-0.26689392],[-0.016237456,-0.8376289,0.5459986,-0.70191383],[0,0,0,1]],"cy":715.7041,"fl_x":1595.6285,"cx":950.2459,"w":1920,"timestamp":707646.87392375,"fl_y":1595.6285,"h":1440,"depth_path":"images/115.depth.png","file_path":"images/115"},{"depth_path":"images/116.depth.png","timestamp":707649.941098416,"file_path":"images/116","transform_matrix":[[0.996348,0.011935584,0.08454876,-0.0031963338],[-0.07642384,0.5662824,0.8206606,-0.25779566],[-0.038083408,-0.82412505,0.5651265,-0.67206013],[0,0,0,1]],"cy":715.68036,"w":1920,"cx":950.321,"h":1440,"fl_y":1595.6285,"fl_x":1595.6285},{"w":1920,"fl_x":1596.0804,"h":1440,"depth_path":"images/117.depth.png","transform_matrix":[[0.98685086,0.15856181,-0.031364292,-0.05415724],[-0.09113148,0.70608646,0.7022371,-0.31144053],[0.13349387,-0.69014496,0.71125203,-0.32167464],[0,0,0,0.99999994]],"cx":950.3392,"fl_y":1596.0804,"file_path":"images/117","timestamp":707653.00827325,"cy":715.48474},{"depth_path":"images/118.depth.png","cx":949.9085,"transform_matrix":[[0.7906915,-0.23562124,0.5650573,0.61787665],[-0.2676031,0.6971138,0.6651473,-0.3605594],[-0.55063206,-0.6771373,0.48814902,-0.5170992],[0,0,0,0.99999994]],"w":1920,"timestamp":707656.058778666,"file_path":"images/118","h":1440,"fl_y":1596.0804,"cy":715.4798,"fl_x":1596.0804},{"cx":950.0412,"h":1440,"cy":715.3971,"file_path":"images/119","fl_y":1596.5323,"fl_x":1596.5323,"transform_matrix":[[0.39295986,-0.49514586,0.7748635,0.79328114],[-0.22800858,0.7638693,0.60375154,-0.2953566],[-0.8908394,-0.41392562,0.18727244,-0.9590422],[0,0,0,0.99999994]],"w":1920,"timestamp":707658.109118458,"depth_path":"images/119.depth.png"},{"fl_x":1596.5323,"depth_path":"images/120.depth.png","cx":950.1485,"timestamp":707660.159458208,"cy":715.4148,"fl_y":1596.5323,"h":1440,"file_path":"images/120","w":1920,"transform_matrix":[[0.02186903,-0.6366245,0.7708637,0.76143247],[-0.17567147,0.7566046,0.62983227,-0.082665056],[-0.9842059,-0.1491926,-0.09529056,-1.2988911],[0,0,0,0.9999998]]},{"fl_y":1596.5323,"cx":950.29553,"fl_x":1596.5323,"timestamp":707663.193293791,"h":1440,"cy":715.3553,"transform_matrix":[[-0.17808783,-0.594741,0.783944,1.1375067],[-0.12748177,0.80390984,0.58092815,-0.08371036],[-0.97572196,0.003517652,-0.21898519,-1.3527873],[0,0,0,0.99999994]],"file_path":"images/121","depth_path":"images/121.depth.png","w":1920}],"h":0,"cy":240}