[{"id": 0, "img_name": "0", "width": 1900, "height": 1425, "position": [-3.392207200971359, -3.14914768613578, 2.710028300549459], "rotation": [[-0.7024001901467154, -0.32052159753366155, 0.6355311781465384], [0.4440931633889817, 0.5004287900362232, 0.7432040691048785], [-0.5562510540331811, 0.8042617307925021, -0.20915982709312003]], "fy": 1583.176014633264, "fx": 1582.7082515119296}, {"id": 1, "img_name": "1", "width": 1900, "height": 1425, "position": [-3.579736244912353, -2.139551027279269, 1.6342909579086988], "rotation": [[-0.6095020878303922, -0.3669115081146873, 0.7027682051312495], [0.5416399090994681, 0.4545831051806253, 0.7070929283729688], [-0.5789070856373346, 0.811621922878717, -0.07833543579722582]], "fy": 1583.176014633264, "fx": 1582.7082515119296}, {"id": 2, "img_name": "10", "width": 1900, "height": 1425, "position": [2.667116912545095, -2.682223124552596, 2.5291296647890724], "rotation": [[-0.8551269601493445, 0.3628728701485783, -0.37024473275912284], [-0.2318469864804139, 0.37109493499717094, 0.8991860341883631], [0.46368616205974067, 0.8547583455746881, -0.233202302271503]], "fy": 1583.176014633264, "fx": 1582.7082515119296}, {"id": 3, "img_name": "100", "width": 1900, "height": 1425, "position": [3.9567834577312513, -1.0680331277199977, 4.244299779818013], "rotation": [[-0.7391139231446991, 0.4450053422193256, -0.5056489434478353], [-0.22084476314284116, 0.5490955843675911, 0.8060531184856218], [0.636347545925993, 0.7074350038160921, -0.30756709214363526]], "fy": 1583.176014633264, "fx": 1582.7082515119296}, {"id": 4, "img_name": "101", "width": 1900, "height": 1425, "position": [2.2999909741399476, -2.8290668940084593, 3.5327963765851007], "rotation": [[-0.9138934665496982, 0.3262894775499282, -0.2415241367606347], [-0.11732707399673331, 0.35726766709922214, 0.9266035677423459], [0.38862975890317497, 0.875154266907083, -0.28822199709457547]], "fy": 1583.176014633264, "fx": 1582.7082515119296}, {"id": 5, "img_name": "102", "width": 1900, "height": 1425, "position": [-0.5026798315167095, -2.1800396848146626, 2.6323437460267978], "rotation": [[-0.9576486669635612, 0.07657285835255022, 0.2775709423312054], [0.28739303146066864, 0.1948372699300258, 0.9377865875102186], [0.017727834914624804, 0.9778420299874281, -0.20859215771285616]], "fy": 1583.176014633264, "fx": 1582.7082515119296}, {"id": 6, "img_name": "103", "width": 1900, "height": 1425, "position": [-2.8143165319067607, -1.8943901743521734, 2.0249224500286536], "rotation": [[-0.6011250805414584, -0.37657007322265534, 0.7048713481885248], [0.5851513466377138, 0.39331946916088517, 0.709152802086454], [-0.5442853471039752, 0.8387459538692772, -0.016083712128161287]], "fy": 1583.176014633264, "fx": 1582.7082515119296}, {"id": 7, "img_name": "104", "width": 1900, "height": 1425, "position": [-3.3604692261389775, -0.42817668511757023, -0.017783725892469158], "rotation": [[-0.11811804733717235, -0.6003427946426544, 0.7909719690443527], [0.6890697167911353, 0.5239961916706221, 0.5006105437523956], [-0.7150042323613458, 0.6041659706035521, 0.3517846325097642]], "fy": 1583.176014633264, "fx": 1582.7082515119296}, {"id": 8, "img_name": "105", "width": 1900, "height": 1425, "position": [-2.0378924423664633, 1.4417922466703625, -2.709853889840125], "rotation": [[0.6327191840489431, -0.5034904761321258, 0.588356842894416], [0.5424305434021416, 0.8304010939823586, 0.12729151070420702], [-0.5526622293235686, 0.23860294121646333, 0.79851931518402]], "fy": 1583.176014633264, "fx": 1582.7082515119296}, {"id": 9, "img_name": "106", "width": 1900, "height": 1425, "position": [1.2211053961586058, 1.950433133828925, -3.5104034406033326], "rotation": [[0.9761471966573132, -0.20705905025107044, -0.06529318622331967], [0.20517483410788967, 0.9781197374318279, -0.03442479767685272], [0.07099252007689527, 0.02020715109600981, 0.9972721459750665]], "fy": 1583.176014633264, "fx": 1582.7082515119296}, {"id": 10, "img_name": "107", "width": 1900, "height": 1425, "position": [1.7504567594252924, 3.939310292459793, -3.352596758064826], "rotation": [[0.9586185502258541, 0.0690205886417657, -0.2762003503010556], [-0.1243470286430127, 0.9742427964971077, -0.1881190844681875], [0.25610211172603686, 0.2146791368928044, 0.9425097222588342]], "fy": 1583.176014633264, "fx": 1582.7082515119296}, {"id": 11, "img_name": "108", "width": 1900, "height": 1425, "position": [-0.35069079090696204, 3.353136023892695, -3.037166726577121], "rotation": [[0.9939737890357367, -0.10766542796440162, 0.02059762926122657], [0.10863443726812527, 0.9926239448487924, -0.05381694112692781], [-0.014651476013645953, 0.05573024075009643, 0.9983383567290991]], "fy": 1583.176014633264, "fx": 1582.7082515119296}, {"id": 12, "img_name": "109", "width": 1900, "height": 1425, "position": [-2.3654277395466266, 1.4811760945255805, -1.6601624878109809], "rotation": [[0.614020156055191, -0.49911109294797346, 0.611446943613457], [0.5255134713628392, 0.8365258506760757, 0.15511316052110594], [-0.5889098737278372, 0.22608099886312255, 0.7759333364271156]], "fy": 1583.176014633264, "fx": 1582.7082515119296}, {"id": 13, "img_name": "11", "width": 1900, "height": 1425, "position": [-2.8430964047019573, -1.4551513773238274, 1.133062310231588], "rotation": [[-0.5162852596012171, -0.4654682749677815, 0.7188802513054737], [0.5887729540668606, 0.4166639798170295, 0.6926308803990882], [-0.6219292076095844, 0.7808523630761142, 0.05893766029087517]], "fy": 1583.176014633264, "fx": 1582.7082515119296}, {"id": 14, "img_name": "110", "width": 1900, "height": 1425, "position": [-2.641327927299577, 0.4094821649614326, -1.0441018581385642], "rotation": [[0.27474981411534133, -0.6363111243052538, 0.7208472048423086], [0.5840226445687476, 0.7059983850310849, 0.4006043321837971], [-0.763825955486269, 0.3109251251006962, 0.5655930306382891]], "fy": 1583.176014633264, "fx": 1582.7082515119296}, {"id": 15, "img_name": "111", "width": 1900, "height": 1425, "position": [-2.4886822161526405, -0.8539369710571406, 0.1265620666394771], "rotation": [[-0.20010232437022205, -0.6634444508748618, 0.7209719275984242], [0.6382827380145077, 0.4700105037300302, 0.6096599648460989], [-0.7433398994634536, 0.582178312020292, 0.3294149463501405]], "fy": 1583.176014633264, "fx": 1582.7082515119296}, {"id": 16, "img_name": "112", "width": 1900, "height": 1425, "position": [-0.5532948093495382, -0.4801516294738124, 0.27933781211406905], "rotation": [[-0.21137927176835317, -0.7255642506392491, 0.6548857317585912], [0.6465144342362079, 0.3987126078100018, 0.6504208965720456], [-0.7330333483484339, 0.560878573817589, 0.38480818032031316]], "fy": 1583.176014633264, "fx": 1582.7082515119296}, {"id": 17, "img_name": "115", "width": 1900, "height": 1425, "position": [-1.0772963744498625, 0.25446210065417535, 0.3883671104631221], "rotation": [[-0.29253481830329664, -0.7854041425265668, 0.5454940082002417], [0.6353224713609303, 0.2667159542839418, 0.7247261255910716], [-0.7146948561897564, 0.5585722268717936, 0.42096119762204764]], "fy": 1583.176014633264, "fx": 1582.7082515119296}, {"id": 18, "img_name": "116", "width": 1900, "height": 1425, "position": [-0.8601168206365338, -0.3817395829862201, 1.1859477302428625], "rotation": [[-0.27213154192269384, -0.7812783404645072, 0.561737108095773], [0.6207305920347678, 0.3035395136353961, 0.7228812459693182], [-0.7352808687861692, 0.5454061957688163, 0.40236069094040966]], "fy": 1583.176014633264, "fx": 1582.7082515119296}, {"id": 19, "img_name": "117", "width": 1900, "height": 1425, "position": [-1.9107632358990536, -0.5268357226090915, 1.7211705947950646], "rotation": [[-0.43248105701153794, -0.6084607696497317, 0.6653838194030857], [0.5988340476206466, 0.35786169485964997, 0.7164724633664936], [-0.6740607678365915, 0.7083152540708373, 0.20959862145088123]], "fy": 1583.176014633264, "fx": 1582.7082515119296}, {"id": 20, "img_name": "118", "width": 1900, "height": 1425, "position": [-1.9758061659354358, 0.9651683304085207, -0.042623414217888976], "rotation": [[0.28008042593927884, -0.7143049131102758, 0.6413450289136052], [0.7516394282041576, 0.5787576468832156, 0.3163506853843214], [-0.5971541886101099, 0.3934565761055779, 0.6989984247082941]], "fy": 1583.176014633264, "fx": 1582.7082515119296}, {"id": 21, "img_name": "119", "width": 1900, "height": 1425, "position": [-0.7539994987785513, 1.3588415453200073, -0.9826367705940868], "rotation": [[0.7264839442645661, -0.5427611846318624, 0.4214633734772406], [0.5579824535123911, 0.8239003578296391, 0.09921583512970793], [-0.40109432842922516, 0.16309045595990665, 0.901401599109242]], "fy": 1583.176014633264, "fx": 1582.7082515119296}, {"id": 22, "img_name": "12", "width": 1900, "height": 1425, "position": [-1.4683945107948981, 1.683701069985779, -3.2726093188211403], "rotation": [[0.7958267305260806, -0.3921005145383585, 0.46142930279613126], [0.40737648298713, 0.9104893453910711, 0.07108834671291703], [-0.44800024117092385, 0.13140143997724624, 0.8843242875114877]], "fy": 1583.176014633264, "fx": 1582.7082515119296}, {"id": 23, "img_name": "120", "width": 1900, "height": 1425, "position": [0.34182149533394796, 0.9248182927381019, -1.5718123696301012], "rotation": [[0.9307987190902108, -0.33147174535299256, 0.15407863762593327], [0.32391683554579676, 0.9433008321139942, 0.07253567248632466], [-0.16938603304292854, -0.01760744631361819, 0.9853924850760195]], "fy": 1583.176014633264, "fx": 1582.7082515119296}, {"id": 24, "img_name": "121", "width": 1900, "height": 1425, "position": [0.12573876122163777, 1.6305372431326917, -2.590703677881432], "rotation": [[0.9843992985481426, -0.17114080401986814, 0.040851514260277846], [0.17100663596380655, 0.9852465323651727, 0.0067823977135503056], [-0.041409557764684676, 0.0003092924759841406, 0.9991422085288448]], "fy": 1583.176014633264, "fx": 1582.7082515119296}, {"id": 25, "img_name": "13", "width": 1900, "height": 1425, "position": [0.4361123237418508, 1.5633415276235128, -3.1601884240057303], "rotation": [[0.9944914312585961, -0.10470655255415684, 0.004830217950829746], [0.10468548873782177, 0.9944955312399444, 0.004425696725273995], [-0.005267029613768804, -0.0038956637437414054, 0.9999785408712745]], "fy": 1583.176014633264, "fx": 1582.7082515119296}, {"id": 26, "img_name": "14", "width": 1900, "height": 1425, "position": [1.8590165281166868, 1.1476209188440933, -2.477603523330098], "rotation": [[0.9155594771961404, 0.13885241431939974, -0.37745311066939663], [-0.1399118603625935, 0.9898543202065948, 0.024760777415461246], [0.3770616859960823, 0.030140202487933483, 0.9256976035119557]], "fy": 1583.176014633264, "fx": 1582.7082515119296}, {"id": 27, "img_name": "15", "width": 1900, "height": 1425, "position": [2.6930482133133364, 0.49152016441882523, -1.5385102001497106], "rotation": [[0.7012348285270609, 0.3274426268809562, -0.6332859080714828], [-0.3109098190521922, 0.9398217941473818, 0.1416689085951075], [0.641564337909735, 0.09755163426050194, 0.7608409025384666]], "fy": 1583.176014633264, "fx": 1582.7082515119296}, {"id": 28, "img_name": "16", "width": 1900, "height": 1425, "position": [3.1996156676335556, -0.35118245335363735, -0.2628925581805497], "rotation": [[0.39080217475983087, 0.4926140218913832, -0.7775635572986831], [-0.42473287927815884, 0.8459424747159415, 0.32246443328149166], [0.8166245413058999, 0.20423700670413403, 0.5398255307314245]], "fy": 1583.176014633264, "fx": 1582.7082515119296}, {"id": 29, "img_name": "17", "width": 1900, "height": 1425, "position": [3.2206453674733444, -1.1062187619766446, 0.7750101250157787], "rotation": [[-0.03775032948783249, 0.5798246705507092, -0.8138662445662194], [-0.4505247401230725, 0.7171011627852585, 0.5317832085249291], [0.8919654540174734, 0.38674186966605, 0.2341545538455531]], "fy": 1583.176014633264, "fx": 1582.7082515119296}, {"id": 30, "img_name": "18", "width": 1900, "height": 1425, "position": [2.1135941062464565, -2.0718792497756864, 2.1001809331418597], "rotation": [[-0.7933881865247726, 0.38807668097530956, -0.46896873580881737], [-0.2885918974728928, 0.4385303964885013, 0.8511203252587928], [0.53595699659201, 0.8106093886939788, -0.23592905027835437]], "fy": 1583.176014633264, "fx": 1582.7082515119296}, {"id": 31, "img_name": "19", "width": 1900, "height": 1425, "position": [0.018354861221611608, -2.350614771088609, 2.537138043545675], "rotation": [[-0.9938420788960627, 0.07650227444124276, 0.08015812011810423], [0.10134244666094862, 0.33503824703810353, 0.9367385342380269], [0.04480659237572564, 0.9390935922616824, -0.3407280356130441]], "fy": 1583.176014633264, "fx": 1582.7082515119296}, {"id": 32, "img_name": "2", "width": 1900, "height": 1425, "position": [-3.6398726231143708, -0.6698242885124598, -0.30243773701322296], "rotation": [[-0.17030951807780045, -0.5253816824408405, 0.8336478607947958], [0.6873838093728707, 0.5428317205678248, 0.4825320940180207], [-0.7060440260098151, 0.6552158506179524, 0.26868945352366325]], "fy": 1583.176014633264, "fx": 1582.7082515119296}, {"id": 33, "img_name": "20", "width": 1900, "height": 1425, "position": [-1.6868464795873694, -1.9560188627574873, 1.8935076806227653], "rotation": [[-0.7812703788174044, -0.28735704574627946, 0.5541141790664451], [0.4484049890781335, 0.35917509225769, 0.8184902069490625], [-0.43422293922862804, 0.8879297164537577, -0.15176052743055662]], "fy": 1583.176014633264, "fx": 1582.7082515119296}, {"id": 34, "img_name": "21", "width": 1900, "height": 1425, "position": [-2.753292144688642, -1.213051691572392, 0.8639414159145258], "rotation": [[-0.37476103109477604, -0.531534311095355, 0.7596219097032195], [0.5978346026402196, 0.48769310664745097, 0.6361990424502135], [-0.7086239887689315, 0.6925508716743805, 0.13500123215832127]], "fy": 1583.176014633264, "fx": 1582.7082515119296}, {"id": 35, "img_name": "22", "width": 1900, "height": 1425, "position": [-3.013088765293876, -0.05548247313144466, -0.7135333631152281], "rotation": [[0.1576095786566949, -0.595799297745006, 0.7875166141245633], [0.6386779489632273, 0.6697368556282165, 0.3788707190076248], [-0.7531598092196529, 0.44325584149539093, 0.48608081710393464]], "fy": 1583.176014633264, "fx": 1582.7082515119296}, {"id": 36, "img_name": "23", "width": 1900, "height": 1425, "position": [-1.2131209038986113, 1.2716159973862105, -2.6722835599229278], "rotation": [[0.8172131906729746, -0.38259147037029734, 0.4310294279860602], [0.3891156189273598, 0.9179604569407397, 0.07705604843181343], [-0.4251489575394418, 0.10474906344708818, 0.8990417107176305]], "fy": 1583.176014633264, "fx": 1582.7082515119296}, {"id": 37, "img_name": "24", "width": 1900, "height": 1425, "position": [0.7831476085378201, 1.5752013155099063, -3.1590274203114515], "rotation": [[0.9978282147983686, -0.009129585428025007, -0.06523422738266468], [0.01037585243801809, 0.9997695876707543, 0.018791307959648736], [0.065047639761065, -0.019427357992333326, 0.9976930301064313]], "fy": 1583.176014633264, "fx": 1582.7082515119296}, {"id": 38, "img_name": "25", "width": 1900, "height": 1425, "position": [2.4411302716534733, 0.9109872539604674, -2.2956697728381523], "rotation": [[0.8252988405110089, 0.3141130343695536, -0.4692705248471674], [-0.3023680874115305, 0.9476578039283693, 0.10255840467145133], [0.4769228067164302, 0.057251098616635604, 0.8770786442166467]], "fy": 1583.176014633264, "fx": 1582.7082515119296}, {"id": 39, "img_name": "26", "width": 1900, "height": 1425, "position": [3.1792914569623654, -0.16626380129529642, -0.772852420703604], "rotation": [[0.3912745159945665, 0.5755536915408824, -0.7180823081561613], [-0.5213560233315588, 0.7816298119554825, 0.3424072633551159], [0.7583483039271075, 0.24040130036274643, 0.6059002101953588]], "fy": 1583.176014633264, "fx": 1582.7082515119296}, {"id": 40, "img_name": "27", "width": 1900, "height": 1425, "position": [3.036920475331471, -1.371079020716963, 0.9515577774949534], "rotation": [[-0.26971516448810556, 0.6368825621452637, -0.7222425714955037], [-0.5216322275443206, 0.5338236994498868, 0.6655314245719633], [0.8094155602855089, 0.5562489190469685, 0.18823812267119283]], "fy": 1583.176014633264, "fx": 1582.7082515119296}, {"id": 41, "img_name": "28", "width": 1900, "height": 1425, "position": [1.6971321418218475, -2.3429237435246684, 2.3237907568423997], "rotation": [[-0.9128570974880691, 0.28673710600465296, -0.2906436849576027], [-0.20124801589451746, 0.3033730386740361, 0.9313774935568294], [0.3552339449773597, 0.908706020363989, -0.21923095787334387]], "fy": 1583.176014633264, "fx": 1582.7082515119296}, {"id": 42, "img_name": "29", "width": 1900, "height": 1425, "position": [0.6456001673046373, -2.475655474692933, 2.5016304323306264], "rotation": [[-0.9910151742689491, 0.09975157745904807, -0.08909852503333114], [-0.0573920219958079, 0.28456124510313396, 0.9569383750255743], [0.1208100996602366, 0.9534539949991218, -0.27627956717842495]], "fy": 1583.176014633264, "fx": 1582.7082515119296}, {"id": 43, "img_name": "3", "width": 1900, "height": 1425, "position": [-3.435097903525718, 0.6632680743825516, -2.148014070361461], "rotation": [[0.3104699718664187, -0.5867241296185817, 0.74790587127832], [0.6746747655496828, 0.690264920868037, 0.2614350775040017], [-0.6696434553549715, 0.4234254772003693, 0.6101544951550334]], "fy": 1583.176014633264, "fx": 1582.7082515119296}, {"id": 44, "img_name": "30", "width": 1900, "height": 1425, "position": [-1.4953586763817743, -2.259950017052168, 2.268071689653585], "rotation": [[-0.8754588903393906, -0.2638978619814276, 0.4048822665508509], [0.321121914254313, 0.3084570252053642, 0.8953965489028329], [-0.3611820143796871, 0.9138994375986279, -0.18529805839658098]], "fy": 1583.176014633264, "fx": 1582.7082515119296}, {"id": 45, "img_name": "31", "width": 1900, "height": 1425, "position": [-3.0315450542931304, -1.4601538278406792, 1.1753170623521778], "rotation": [[-0.39287820885378977, -0.5662324372544523, 0.7245878414717709], [0.5671664107204274, 0.4710311363975796, 0.6756122638721949], [-0.7238570131996684, 0.6763952214089684, 0.13609014988884133]], "fy": 1583.176014633264, "fx": 1582.7082515119296}, {"id": 46, "img_name": "32", "width": 1900, "height": 1425, "position": [-3.466994052832378, -0.3138662535430875, -0.4412797225826111], "rotation": [[0.024473833116969948, -0.5872554123193932, 0.8090315891200677], [0.5970370327098995, 0.6576888896528881, 0.45933877040819204], [-0.8018402665528346, 0.47178003892569575, 0.36670939694224913]], "fy": 1583.176014633264, "fx": 1582.7082515119296}, {"id": 47, "img_name": "33", "width": 1900, "height": 1425, "position": [-2.784836796795197, 0.9071588223477478, -2.1283666747957635], "rotation": [[0.4874081156111224, -0.5082878102307005, 0.7099836834796233], [0.5205434149191971, 0.8219652897781047, 0.23110087750646252], [-0.7010477030992077, 0.25693688791389185, 0.6652184254877859]], "fy": 1583.176014633264, "fx": 1582.7082515119296}, {"id": 48, "img_name": "34", "width": 1900, "height": 1425, "position": [-0.9585985563085879, 1.6108680511409947, -3.1335617537491043], "rotation": [[0.8920026899861322, -0.27640961298785716, 0.35767153493870196], [0.28626819890968613, 0.9577897720796253, 0.0262539671795279], [-0.3498309868357984, 0.0789713767612186, 0.9334783352075874]], "fy": 1583.176014633264, "fx": 1582.7082515119296}, {"id": 49, "img_name": "35", "width": 1900, "height": 1425, "position": [1.2208792626055978, 1.5595163413377593, -3.1412434529301705], "rotation": [[0.9661284189121665, 0.14240458581086987, -0.2152134106191156], [-0.14201554487198847, 0.9897123335135815, 0.01735171189864185], [0.2154703301732971, 0.013799667790778417, 0.9764128768015478]], "fy": 1583.176014633264, "fx": 1582.7082515119296}, {"id": 50, "img_name": "36", "width": 1900, "height": 1425, "position": [2.7375537291287095, 0.7156400492331486, -1.935973315512689], "rotation": [[0.5981623914374256, 0.436235580007811, -0.6722352803930399], [-0.4213088397478172, 0.8847561671447631, 0.1992621043993469], [0.6816895297862571, 0.16402756912957292, 0.7130177708481289]], "fy": 1583.176014633264, "fx": 1582.7082515119296}, {"id": 51, "img_name": "37", "width": 1900, "height": 1425, "position": [3.339725776731347, -0.5542229007681909, -0.13131780048032088], "rotation": [[0.085076178458168, 0.5707308450482522, -0.8167180335767427], [-0.5037054899760509, 0.7318678406324924, 0.4589664946550224], [0.8596759989827214, 0.3723382418694599, 0.3497447789669197]], "fy": 1583.176014633264, "fx": 1582.7082515119296}, {"id": 52, "img_name": "38", "width": 1900, "height": 1425, "position": [2.4163498494694764, -1.6518670936884707, 1.4110304123903084], "rotation": [[-0.707025466770344, 0.4550889968908914, -0.5413030521316307], [-0.36790942625248285, 0.41698917349956655, 0.8311213408755169], [0.6039516896348129, 0.786774449313773, -0.12739043329176492]], "fy": 1583.176014633264, "fx": 1582.7082515119296}, {"id": 53, "img_name": "39", "width": 1900, "height": 1425, "position": [0.9492310375992581, -2.0186498966229203, 1.6515105845847091], "rotation": [[-0.9737555690249095, 0.21894701898487728, -0.0621473625394495], [-0.03213553068694372, 0.13805932066044418, 0.9899024859279044], [0.22531622103266885, 0.9659201969398985, -0.1274000537014994]], "fy": 1583.176014633264, "fx": 1582.7082515119296}, {"id": 54, "img_name": "4", "width": 1900, "height": 1425, "position": [-2.353231295620568, 1.9040130477541215, -3.8960291085930296], "rotation": [[0.7083790298118725, -0.44078902457321656, 0.5512750547037137], [0.5029643123587355, 0.8631920133238915, 0.04389132747310102], [-0.49520303978902885, 0.24617998283702724, 0.8331682695794811]], "fy": 1583.176014633264, "fx": 1582.7082515119296}, {"id": 55, "img_name": "40", "width": 1900, "height": 1425, "position": [-1.130147658579001, -1.3208520231981795, 0.6487411556892101], "rotation": [[-0.6653588112643894, -0.49607352269884397, 0.5578608360066135], [0.521103460538929, 0.2264646004210998, 0.8229003391483469], [-0.5345548013882122, 0.8382272035869935, 0.1078254120304568]], "fy": 1583.176014633264, "fx": 1582.7082515119296}, {"id": 56, "img_name": "41", "width": 1900, "height": 1425, "position": [-1.3236023792613791, -0.27576352146128813, -0.7746833093701986], "rotation": [[-0.008517608568611716, -0.7429135116980902, 0.6693332237986422], [0.6951510756856002, 0.47676134340697324, 0.5380182184702773], [-0.718813211006465, 0.46987033910344855, 0.5123762602945081]], "fy": 1583.176014633264, "fx": 1582.7082515119296}, {"id": 57, "img_name": "42", "width": 1900, "height": 1425, "position": [0.3747643072649581, 0.7746669175926969, -2.24579156620439], "rotation": [[0.9240178817677298, -0.33357647511414035, 0.18686275558254767], [0.29484020670430633, 0.9328044068955395, 0.20723221512791595], [-0.24343419374450997, -0.13639161897523674, 0.9602797090375669]], "fy": 1583.176014633264, "fx": 1582.7082515119296}, {"id": 58, "img_name": "43", "width": 1900, "height": 1425, "position": [1.9502702845186406, 0.37005727156441337, -1.6973210884826087], "rotation": [[0.9396313491049462, 0.17741824631674785, -0.29260159543841957], [-0.09600540441840946, 0.9574299336697041, 0.2722331435290048], [0.32844465302646714, -0.22770746142170195, 0.9166642907363676]], "fy": 1583.176014633264, "fx": 1582.7082515119296}, {"id": 59, "img_name": "44", "width": 1900, "height": 1425, "position": [2.5503269617885174, -0.6539738600635464, -0.16823387393970782], "rotation": [[0.39743043043032594, 0.6594773969690251, -0.6380741460480314], [-0.3767722301890859, 0.7513062934839071, 0.5418316527574], [0.8367148495911306, 0.025068232056364874, 0.5470647532196348]], "fy": 1583.176014633264, "fx": 1582.7082515119296}, {"id": 60, "img_name": "45", "width": 1900, "height": 1425, "position": [1.0920695973105758, -2.0811868443382777, 1.7589515570797596], "rotation": [[-0.9115490716357645, 0.38816112062480335, -0.135680633972842], [-0.06179900737659335, 0.196895700079571, 0.9784748162203477], [0.40652081458056144, 0.9003127388443818, -0.15549212065980766]], "fy": 1583.176014633264, "fx": 1582.7082515119296}, {"id": 61, "img_name": "46", "width": 1900, "height": 1425, "position": [-0.894599492963481, -1.8889611540359688, 1.527429389213874], "rotation": [[-0.8391388287857835, -0.2771094051354472, 0.4680346179605756], [0.4275021288478347, 0.1959965616940918, 0.8825119135936146], [-0.33628552727495237, 0.9406358091150753, -0.04600346460685991]], "fy": 1583.176014633264, "fx": 1582.7082515119296}, {"id": 62, "img_name": "47", "width": 1900, "height": 1425, "position": [-2.3144821263547617, -0.4756215334009824, -0.43739837135990056], "rotation": [[-0.11697736254709257, -0.6755556607708139, 0.727970360558749], [0.694916191857906, 0.46799227579568264, 0.5459621929120034], [-0.7095123557382436, 0.5697436081221858, 0.4147100650559148]], "fy": 1583.176014633264, "fx": 1582.7082515119296}, {"id": 63, "img_name": "48", "width": 1900, "height": 1425, "position": [-1.9140855119422528, 0.5299577807925363, -1.8904358159891992], "rotation": [[0.507716368630074, -0.6427810203881581, 0.5736345952379864], [0.608584652246203, 0.7388750325965109, 0.2892894869432224], [-0.6097940718598848, 0.20222820286563153, 0.7663256121847151]], "fy": 1583.176014633264, "fx": 1582.7082515119296}, {"id": 64, "img_name": "49", "width": 1900, "height": 1425, "position": [1.1066466196402214, 0.6487556458434417, -2.3789162020395933], "rotation": [[0.9903987141503731, -0.06138829268743724, -0.12386228049817732], [0.08502448838567472, 0.9769822910752485, 0.19564365387129956], [0.10900102469262331, -0.20429655025545623, 0.9728215130072309]], "fy": 1583.176014633264, "fx": 1582.7082515119296}, {"id": 65, "img_name": "5", "width": 1900, "height": 1425, "position": [-0.07367819112363136, 2.1526723634031346, -4.3272355255768895], "rotation": [[0.9788434179432484, -0.18438261972978093, 0.08870520103557819], [0.1915995284689533, 0.9781120067585382, -0.0811573959985173], [-0.07179960891017508, 0.09643625758172285, 0.9927461228249534]], "fy": 1583.176014633264, "fx": 1582.7082515119296}, {"id": 66, "img_name": "50", "width": 1900, "height": 1425, "position": [2.4041145564715007, -0.25392155701712144, -1.1283930352498164], "rotation": [[0.609777985963784, 0.6123580656189027, -0.5031783056784411], [-0.3724250294473984, 0.781791892016717, 0.5001010248120136], [0.6996216157860301, -0.11755440037870847, 0.7047769559772417]], "fy": 1583.176014633264, "fx": 1582.7082515119296}, {"id": 67, "img_name": "51", "width": 1900, "height": 1425, "position": [2.418567881274146, -1.357091794482682, 0.16165658236391828], "rotation": [[-0.24198035916525545, 0.8228573788867513, -0.5141509892919383], [-0.4252201054140119, 0.38636897382068, 0.8184783919080887], [0.8721429743625468, 0.416683033108357, 0.2564017983354827]], "fy": 1583.176014633264, "fx": 1582.7082515119296}, {"id": 68, "img_name": "52", "width": 1900, "height": 1425, "position": [0.22426016323985176, -2.4370159478592983, 1.258927060194963], "rotation": [[-0.9948324186313415, -0.017585700914720344, 0.09999600973765464], [0.09735493400741851, 0.11432115362576725, 0.9886620710121761], [-0.028817974677730254, 0.9932881842431287, -0.11201833501022036]], "fy": 1583.176014633264, "fx": 1582.7082515119296}, {"id": 69, "img_name": "53", "width": 1900, "height": 1425, "position": [-1.6604925419657723, -2.099357323347279, 0.7821678222219698], "rotation": [[-0.5726925647081237, -0.5455215811885636, 0.6119063905415282], [0.52784069984513, 0.3257256192105978, 0.7844023308079062], [-0.627221987748385, 0.7722104800165573, 0.10140785293833436]], "fy": 1583.176014633264, "fx": 1582.7082515119296}, {"id": 70, "img_name": "54", "width": 1900, "height": 1425, "position": [-2.2897127931258288, -0.7554425980553969, -1.0738639380877468], "rotation": [[0.12575327315223742, -0.7058711908850898, 0.6970882126172872], [0.6129430551178051, 0.6077873934244009, 0.5048715634468072], [-0.7800557194677505, 0.3637861271033266, 0.5090900983645354]], "fy": 1583.176014633264, "fx": 1582.7082515119296}, {"id": 71, "img_name": "55", "width": 1900, "height": 1425, "position": [-0.8697947499926242, -0.11653033679178937, -2.165510612003605], "rotation": [[0.8360189695380058, -0.4229788248011379, 0.34951565965269554], [0.3110696476927448, 0.8900936755871293, 0.3331199828351733], [-0.4520043770329247, -0.16977091167111846, 0.8757110714690292]], "fy": 1583.176014633264, "fx": 1582.7082515119296}, {"id": 72, "img_name": "56", "width": 1900, "height": 1425, "position": [0.9958937891584327, -0.19191489718130034, -1.9513156598508228], "rotation": [[0.9725444084310874, 0.1883471279853377, -0.13668479435950898], [-0.12537308532359617, 0.9188695019327803, 0.3741128544894529], [0.1960585706003915, -0.34670477037023756, 0.9172550567299437]], "fy": 1583.176014633264, "fx": 1582.7082515119296}, {"id": 73, "img_name": "57", "width": 1900, "height": 1425, "position": [1.9628885495299477, -0.8645762732878806, -0.8256837956922076], "rotation": [[0.47498792743343404, 0.7541900599783926, -0.45341352231961385], [-0.4726191125563732, 0.653263361987967, 0.5915049909600125], [0.7423056265709675, -0.06666583318287327, 0.6667368472246876]], "fy": 1583.176014633264, "fx": 1582.7082515119296}, {"id": 74, "img_name": "58", "width": 1900, "height": 1425, "position": [1.5583204164540356, -1.7506168401228166, 0.4320029851709769], "rotation": [[-0.4910020417181556, 0.7898343951843266, -0.3675304384842315], [-0.42375614313374516, 0.15206987237744002, 0.8929196408812621], [0.7611489513787796, 0.5941686478592739, 0.26003055919654217]], "fy": 1583.176014633264, "fx": 1582.7082515119296}, {"id": 75, "img_name": "59", "width": 1900, "height": 1425, "position": [0.14322686458824072, -2.2232910022802614, 1.2913114044551977], "rotation": [[-0.9753727933828057, 0.22056211271074186, 0.0005180397635991571], [0.018265060337627956, 0.0784309028763956, 0.9967522164735106], [0.2198051443881272, 0.9722144557198105, -0.08052794912294194]], "fy": 1583.176014633264, "fx": 1582.7082515119296}, {"id": 76, "img_name": "6", "width": 1900, "height": 1425, "position": [1.842637551117334, 1.4442080246066265, -3.385909819019946], "rotation": [[0.8436139909652111, 0.24566802166041798, -0.47745435109673595], [-0.2507699887016666, 0.9665266100959429, 0.054228449572262305], [0.47479453136521577, 0.0739833434625782, 0.8769815379332584]], "fy": 1583.176014633264, "fx": 1582.7082515119296}, {"id": 77, "img_name": "60", "width": 1900, "height": 1425, "position": [-1.9868154729073826, -1.0314509631473803, 1.6598698161289525], "rotation": [[-0.7696916240001164, -0.2617195227407049, 0.5823037827117742], [0.5439620209886535, 0.20860002811193248, 0.8127677085081818], [-0.33418576221317836, 0.94233163996975, -0.0181922138817235]], "fy": 1583.176014633264, "fx": 1582.7082515119296}, {"id": 78, "img_name": "61", "width": 1900, "height": 1425, "position": [-3.075342300592259, -0.12764497113270892, 1.5318664548632048], "rotation": [[-0.48414337710968786, -0.3294538961749374, 0.810595657955296], [0.7365033890304279, 0.3467273457587142, 0.580812280904778], [-0.47240654985670966, 0.8782028683614453, 0.07477816295021816]], "fy": 1583.176014633264, "fx": 1582.7082515119296}, {"id": 79, "img_name": "62", "width": 1900, "height": 1425, "position": [-3.3170426135195523, 0.9293308755874626, 0.7375354615987251], "rotation": [[-0.23615790008329524, -0.4169484523513774, 0.8777148935218312], [0.8250290462670554, 0.39117832348414217, 0.40780705247924376], [-0.5133775599341297, 0.820447138649363, 0.2516147325538628]], "fy": 1583.176014633264, "fx": 1582.7082515119296}, {"id": 80, "img_name": "63", "width": 1900, "height": 1425, "position": [-2.5580810487264607, 2.4796057418701762, -1.1541791061743272], "rotation": [[0.5888101729367894, -0.507115028215413, 0.6293940962578445], [0.6754512271694187, 0.7363952955275904, -0.038569527352026], [-0.4439236645657382, 0.4478351447607853, 0.776128509433594]], "fy": 1583.176014633264, "fx": 1582.7082515119296}, {"id": 81, "img_name": "64", "width": 1900, "height": 1425, "position": [-0.29323578759750935, 3.1805873616452347, -2.016387455798077], "rotation": [[0.9538421456969312, -0.2982112197655737, -0.03542921814270151], [0.2879839061884151, 0.9417599499602385, -0.17364753504542366], [0.08514946194038195, 0.1554292927887733, 0.98417036333881]], "fy": 1583.176014633264, "fx": 1582.7082515119296}, {"id": 82, "img_name": "65", "width": 1900, "height": 1425, "position": [1.9803942903327993, 2.8873700014802477, -1.5357097386058451], "rotation": [[0.7746651107922133, 0.06309981206074898, -0.6292156862628158], [-0.12498637679395917, 0.9906587194282571, -0.05453170854359892], [0.6198970654368403, 0.12088720088852961, 0.775315363529016]], "fy": 1583.176014633264, "fx": 1582.7082515119296}, {"id": 83, "img_name": "66", "width": 1900, "height": 1425, "position": [2.828945601490724, 2.611265413596885, -1.9752286848984915], "rotation": [[0.7973567233844485, 0.07541496391218898, -0.5987777875737702], [-0.15761497167791275, 0.9837500226819652, -0.08598496133745527], [0.5825631093508984, 0.16293703106217486, 0.7962862221161792]], "fy": 1583.176014633264, "fx": 1582.7082515119296}, {"id": 84, "img_name": "67", "width": 1900, "height": 1425, "position": [2.5852309062683743, 3.0801928333988617, -3.660064754820372], "rotation": [[0.8784580536389942, 0.0778401991413424, -0.4714364765208842], [-0.1691312510898832, 0.9734198848410269, -0.15442910250614353], [0.44688484859252153, 0.21539412989614695, 0.8682737476768033]], "fy": 1583.176014633264, "fx": 1582.7082515119296}, {"id": 85, "img_name": "68", "width": 1900, "height": 1425, "position": [3.2909767264564467, 1.7771315465191277, -2.07972563801776], "rotation": [[0.5037937729191596, 0.20115305520564974, -0.8400769504928169], [-0.24534745722956086, 0.9657789260427563, 0.08411712811722154], [0.8282490323561308, 0.16373305833927698, 0.535905799565558]], "fy": 1583.176014633264, "fx": 1582.7082515119296}, {"id": 86, "img_name": "69", "width": 1900, "height": 1425, "position": [3.427679673631076, 1.399403641762457, -0.40780606346765547], "rotation": [[0.37073860200361375, 0.26068497094120163, -0.8914012760310537], [-0.2947368975193408, 0.9432092082267406, 0.15325322429547406], [0.8807287040996673, 0.20591196041432402, 0.42651754282004656]], "fy": 1583.176014633264, "fx": 1582.7082515119296}, {"id": 87, "img_name": "7", "width": 1900, "height": 1425, "position": [2.7953181509058163, 0.0840270817498576, -1.3096357494904345], "rotation": [[0.49349293222330776, 0.4803580086875857, -0.7250661413521797], [-0.4023267437761994, 0.865172726647887, 0.299348199104489], [0.7711017553397749, 0.14398727914075524, 0.6202174992351958]], "fy": 1583.176014633264, "fx": 1582.7082515119296}, {"id": 88, "img_name": "70", "width": 1900, "height": 1425, "position": [3.286708638610181, -0.35192455808327583, 2.1355261269940966], "rotation": [[-0.3926674416215145, 0.33053696028304597, -0.8582293389166197], [-0.36884653673276774, 0.798243270382501, 0.4761931473985027], [0.8424752296837318, 0.5035404642885152, -0.19152672971010956]], "fy": 1583.176014633264, "fx": 1582.7082515119296}, {"id": 89, "img_name": "71", "width": 1900, "height": 1425, "position": [3.481943214194173, -0.9783166878909308, 2.9295958823210966], "rotation": [[-0.6705029997643226, 0.4152789758992602, -0.6147919155967377], [-0.26667185923172826, 0.6383808431686193, 0.72204987263292], [0.6923235131070864, 0.6480843087526378, -0.31729305373373307]], "fy": 1583.176014633264, "fx": 1582.7082515119296}, {"id": 90, "img_name": "72", "width": 1900, "height": 1425, "position": [3.0411124412085684, -1.8168949285929976, 3.6772676820945964], "rotation": [[-0.8157099186305113, 0.37532665826825273, -0.44016727302355246], [-0.15450576844722133, 0.5919181303879799, 0.791050500558929], [0.557445330202288, 0.7132761222073712, -0.42484335622023933]], "fy": 1583.176014633264, "fx": 1582.7082515119296}, {"id": 91, "img_name": "73", "width": 1900, "height": 1425, "position": [1.7551630029663408, -1.6282598669593766, 4.074352168683386], "rotation": [[-0.9015898556185252, 0.3538322666699203, -0.2488743845979191], [-0.015829073862794602, 0.5479406805726891, 0.8363674138763325], [0.432302177494415, 0.7579998269371602, -0.4884169220008889]], "fy": 1583.176014633264, "fx": 1582.7082515119296}, {"id": 92, "img_name": "74", "width": 1900, "height": 1425, "position": [-0.4302358223230166, -0.9602205401491682, 3.8864982674244013], "rotation": [[-0.968114300320709, 0.1897687084927673, 0.16353146116735517], [0.24195574539406842, 0.5392145552074145, 0.806662928814304], [0.06490083809430963, 0.8205092935058428, -0.5679369511532053]], "fy": 1583.176014633264, "fx": 1582.7082515119296}, {"id": 93, "img_name": "75", "width": 1900, "height": 1425, "position": [-2.5701126581093594, -0.2534147285844151, 3.292919320711586], "rotation": [[-0.6469240291286211, 0.02431152187519187, 0.762166812738591], [0.6380886726190461, 0.5645227742720901, 0.5235999266648217], [-0.41753101251434527, 0.8250593840641136, -0.3807162543896575]], "fy": 1583.176014633264, "fx": 1582.7082515119296}, {"id": 94, "img_name": "76", "width": 1900, "height": 1425, "position": [-3.1201850407911618, 0.9328394697165162, 1.778303090318393], "rotation": [[-0.16262814067162912, -0.19203560558656305, 0.9678194118990852], [0.7323384405657515, 0.6338494089616866, 0.24882792292796196], [-0.6612355830802001, 0.7492377813123964, 0.03755330508311309]], "fy": 1583.176014633264, "fx": 1582.7082515119296}, {"id": 95, "img_name": "77", "width": 1900, "height": 1425, "position": [-2.808834345619451, 2.2341806654804452, 0.030334535213375487], "rotation": [[0.38452897145442105, -0.20819922489166418, 0.8993278339219325], [0.6933903136199911, 0.7082739301948983, -0.1325062745089547], [-0.6093827558195055, 0.6745377102585017, 0.4167151717288949]], "fy": 1583.176014633264, "fx": 1582.7082515119296}, {"id": 96, "img_name": "78", "width": 1900, "height": 1425, "position": [-1.4024414326967602, 3.2044947372997266, -1.4405409648249057], "rotation": [[0.8599979757211998, -0.22117722964567857, 0.4598740206205403], [0.4223037030382475, 0.814373624132882, -0.3980642947023246], [-0.28646651489418784, 0.5365409894900278, 0.7937636313421268]], "fy": 1583.176014633264, "fx": 1582.7082515119296}, {"id": 97, "img_name": "79", "width": 1900, "height": 1425, "position": [0.817553629344584, 3.5185802171664977, -1.826960143510287], "rotation": [[0.9644955398194142, -0.08157521521354252, -0.2511848680381068], [-0.03708109839447065, 0.8998501309864875, -0.4346202180127623], [0.2614829742264618, 0.42850347259557386, 0.8648765392604991]], "fy": 1583.176014633264, "fx": 1582.7082515119296}, {"id": 98, "img_name": "8", "width": 1900, "height": 1425, "position": [3.0357515971105826, -1.0191596507216847, 0.5062537153195064], "rotation": [[-0.10358397155990076, 0.6432233027163093, -0.758639666560219], [-0.49494871427194337, 0.6282619229332137, 0.6002605487892829], [0.8627259884090819, 0.4376650991739959, 0.2532846815119079]], "fy": 1583.176014633264, "fx": 1582.7082515119296}, {"id": 99, "img_name": "80", "width": 1900, "height": 1425, "position": [1.8262098225840164, 3.344696017108773, -1.5869347826050606], "rotation": [[0.7815504426373358, -0.02214424438037716, -0.6234489057286144], [-0.257755013653892, 0.8986160207917689, -0.3550374629706686], [0.5681032111770417, 0.4381767675461458, 0.6966059587981891]], "fy": 1583.176014633264, "fx": 1582.7082515119296}, {"id": 100, "img_name": "83", "width": 1900, "height": 1425, "position": [2.0589082910206575, -0.3759781341747826, 3.392728477869231], "rotation": [[-0.8582737281850715, 0.196523171984717, -0.47407262142035045], [-0.16977154628718602, 0.763031024142153, 0.6236676023875499], [0.4842972533254298, 0.6157615602403601, -0.6215254390222505]], "fy": 1583.176014633264, "fx": 1582.7082515119296}, {"id": 101, "img_name": "84", "width": 1900, "height": 1425, "position": [2.9327192509579016, -1.2149303382345358, 4.040099847264864], "rotation": [[-0.7539307201072541, 0.4354972720187724, -0.4918644074770645], [-0.21372892777210142, 0.545378433162351, 0.8104827635889406], [0.6212152724393891, 0.7161735060064608, -0.3180991898488098]], "fy": 1583.176014633264