{"depth_integer_scale":1,"fl_y":1,"cx":320,"frames":[{"file_path":"images/0","fl_x":1597.8881,"depth_path":"images/0.depth.png","cx":953.12665,"w":1920,"transform_matrix":[[-0.003918187,0.99782676,0.065777384,-0.0790631],[-0.7786763,-0.044314686,0.6258593,0.111114316],[0.6274139,-0.048767067,0.7771575,0.18961288],[0,0,0,1]],"fl_y":1597.8881,"cy":718.83514,"timestamp":499815.455268583,"h":1440},{"fl_y":1595.1766,"file_path":"images/1","fl_x":1595.1766,"cx":953.1702,"depth_path":"images/1.depth.png","cy":718.8303,"w":1920,"timestamp":499818.522441083,"transform_matrix":[[0.12955938,0.9690723,0.2100323,0.10111374],[-0.7581336,-0.039712653,0.65088916,0.12440602],[0.6390995,-0.24356131,0.72954094,0.108399875],[0,0,0,1]],"h":1440},{"cx":953.33997,"w":1920,"file_path":"images/2","timestamp":499821.572944083,"fl_x":1603.7628,"transform_matrix":[[0.369465,0.8454945,0.38553166,0.2787392],[-0.6787684,-0.037800014,0.73337907,0.11479973],[0.634641,-0.5326445,0.55992913,-0.106268376],[0,0,0,0.99999994]],"fl_y":1603.7628,"depth_path":"images/2.depth.png","cy":718.83777,"h":1440},{"fl_x":1599.2438,"depth_path":"images/3.depth.png","transform_matrix":[[0.51467973,0.6756089,0.5278804,0.4276841],[-0.684743,-0.046624314,0.72729194,0.12988344],[0.51597685,-0.7357847,0.43862176,-0.26794928],[0,0,0,1.0000001]],"w":1920,"fl_y":1599.2438,"file_path":"images/3","cx":953.3262,"cy":718.8468,"h":1440,"timestamp":499824.623446916},{"file_path":"images/4","transform_matrix":[[0.653376,0.35032502,0.67109793,0.5366322],[-0.7084562,-0.02948387,0.7051388,0.1453264],[0.26681432,-0.93616414,0.22892584,-0.435283],[0,0,0,1]],"fl_y":1592.9171,"w":1920,"depth_path":"images/4.depth.png","cx":953.2787,"timestamp":499827.657279833,"fl_x":1592.9171,"h":1440,"cy":718.82227},{"w":1920,"cy":718.8488,"fl_x":1609.1857,"depth_path":"images/5.depth.png","transform_matrix":[[0.75677854,0.07363156,0.64951134,0.5520189],[-0.6486411,-0.0384453,0.760123,0.125102],[0.08093967,-0.9965443,0.018665876,-0.6730122],[0,0,0,1]],"fl_y":1609.1857,"file_path":"images/5","timestamp":499830.724451583,"cx":953.4115,"h":1440},{"timestamp":499833.758284,"fl_x":1595.6285,"cy":718.85547,"h":1440,"cx":953.44635,"fl_y":1595.6285,"w":1920,"depth_path":"images/6.depth.png","transform_matrix":[[0.7666301,-0.18062288,0.61616063,0.5117967],[-0.6317229,-0.040437244,0.77413905,0.11737298],[-0.11491138,-0.9827209,-0.14510402,-0.85486114],[0,0,0,1]],"file_path":"images/6"},{"cy":718.8922,"w":1920,"cx":953.40936,"timestamp":499836.808785333,"transform_matrix":[[0.68093425,-0.5002847,0.53483087,0.41817448],[-0.6473456,-0.069681354,0.759005,0.14120865],[-0.3424508,-0.8630527,-0.37130553,-1.0299565],[0,0,0,1]],"depth_path":"images/7.depth.png","h":1440,"fl_y":1607.378,"file_path":"images/7","fl_x":1607.378},{"fl_y":1599.6957,"transform_matrix":[[0.42578822,-0.8379168,0.34146738,0.27232343],[-0.66690075,-0.035570707,0.74429715,0.15584311],[-0.6115129,-0.54463774,-0.57395285,-1.1854651],[0,0,0,1]],"cy":718.8413,"w":1920,"cx":953.3627,"fl_x":1599.6957,"depth_path":"images/8.depth.png","h":1440,"timestamp":499839.859286791,"file_path":"images/8"},{"h":1440,"fl_y":1599.6957,"timestamp":499842.909788,"file_path":"images/9","cx":953.3167,"fl_x":1599.6957,"transform_matrix":[[0.15165392,-0.983782,0.09578161,0.05580441],[-0.6876834,-0.035408393,0.72514683,0.17404604],[-0.709995,-0.17583875,-0.6819003,-1.3077554],[0,0,0,0.99999994]],"depth_path":"images/9.depth.png","cy":718.8378,"w":1920},{"depth_path":"images/10.depth.png","cx":953.26605,"cy":718.83044,"fl_x":1600.1476,"timestamp":499845.960288875,"fl_y":1600.1476,"w":1920,"file_path":"images/10","h":1440,"transform_matrix":[[-0.08555184,-0.98760766,-0.13157612,-0.16124186],[-0.71148276,-0.031890303,0.70197976,0.18320763],[-0.6974765,0.15366977,-0.69993746,-1.3723896],[0,0,0,1]]},{"cy":718.83276,"w":1920,"h":1440,"fl_y":1574.841,"cx":953.20953,"fl_x":1574.841,"transform_matrix":[[-0.29057124,-0.8837648,-0.3667809,-0.4022138],[-0.73816675,-0.036862135,0.67361057,0.19553766],[-0.6088336,0.46647725,-0.6416547,-1.3257986],[0,0,0,1]],"depth_path":"images/11.depth.png","timestamp":499849.02745925,"file_path":"images/11"},{"cy":718.84344,"depth_path":"images/12.depth.png","w":1920,"cx":953.22815,"file_path":"images/12","h":1440,"fl_x":1592.4652,"transform_matrix":[[-0.50579673,-0.6373521,-0.5813366,-0.5388309],[-0.7293035,-0.043998353,0.68277436,0.19984509],[-0.46074545,0.7693157,-0.44256878,-1.1476545],[0,0,0,1]],"timestamp":499852.077960083,"fl_y":1592.4652},{"cy":718.8564,"w":1920,"fl_x":1593.369,"cx":953.2866,"fl_y":1593.369,"timestamp":499855.128461,"file_path":"images/13","transform_matrix":[[-0.6610705,-0.32843783,-0.6746219,-0.66716266],[-0.7008071,-0.050939962,0.7115299,0.1813184],[-0.2680585,0.9431511,-0.19649664,-0.9426625],[0,0,0,1]],"h":1440,"depth_path":"images/13.depth.png"},{"depth_path":"images/14.depth.png","cy":718.88336,"w":1920,"h":1440,"file_path":"images/14","fl_y":1571.6776,"timestamp":499858.178961625,"cx":953.2951,"transform_matrix":[[-0.714282,0.007405014,-0.69981897,-0.74519217],[-0.6984691,-0.07051229,0.7121581,0.17595513],[-0.044072285,0.9974834,0.055537827,-0.70940804],[0,0,0,1]],"fl_x":1571.6776},{"file_path":"images/15","fl_x":1593.369,"timestamp":499861.229462291,"transform_matrix":[[-0.7574219,0.2728897,-0.5931637,-0.615259],[-0.6298772,-0.06614024,0.7738735,0.1210876],[0.17195013,0.95976907,0.22198309,-0.43349203],[0,0,0,0.99999994]],"fl_y":1593.369,"cx":953.44507,"cy":718.8878,"w":1920,"h":1440,"depth_path":"images/15.depth.png"},{"depth_path":"images/16.depth.png","fl_y":1593.369,"fl_x":1593.369,"w":1920,"cy":718.7584,"h":1440,"transform_matrix":[[-0.5628215,0.6643911,-0.49174857,-0.47857502],[-0.6388211,0.027902637,0.7688495,0.15884672],[0.52453774,0.7468642,0.40872288,-0.26384166],[0,0,0,1.0000001]],"timestamp":499864.279962875,"cx":953.42645,"file_path":"images/16"},{"fl_y":1593.8209,"transform_matrix":[[-0.38711625,0.8644476,-0.32073593,-0.40218478],[-0.68971056,-0.040631667,0.72294444,0.16026546],[0.6119155,0.5010784,0.6119478,-0.16798134],[0,0,0,1]],"cx":953.308,"cy":718.84045,"file_path":"images/17","fl_x":1593.8209,"depth_path":"images/17.depth.png","timestamp":499867.330463083,"w":1920,"h":1440},{"cy":718.8066,"w":1920,"cx":953.27374,"fl_x":1593.8209,"depth_path":"images/18.depth.png","fl_y":1593.8209,"transform_matrix":[[-0.12874442,0.9859718,-0.10622793,-0.2069022],[-0.7063195,-0.01598001,0.70771277,0.16431887],[0.6960873,0.16614492,0.6984685,-0.017905569],[0,0,0,0.9999999]],"h":1440,"file_path":"images/18","timestamp":499870.380963375},{"h":1440,"depth_path":"images/19.depth.png","fl_x":1594.2728,"file_path":"images/19","transform_matrix":[[0.0494395,0.9897653,0.13386858,0.019380651],[-0.81328577,-0.037907466,0.58062863,0.010135198],[0.5797606,-0.13757938,0.80308765,0.095042914],[0,0,0,1]],"cx":953.0556,"cy":718.81714,"fl_y":1594.2728,"timestamp":499873.431463583,"w":1920},{"depth_path":"images/20.depth.png","transform_matrix":[[0.21826401,0.8267777,0.5184591,0.36892837],[-0.84451365,-0.1062083,0.524897,-0.19737634],[0.4890377,-0.5524118,0.67504346,-0.025570415],[0,0,0,1]],"w":1920,"cy":718.9051,"fl_y":1595.6285,"fl_x":1595.6285,"h":1440,"timestamp":499876.481963416,"file_path":"images/20","cx":953.0005},{"fl_x":1596.0804,"file_path":"images/21","cy":718.97,"transform_matrix":[[0.45949626,0.29631904,0.8372923,0.6197417],[-0.8406936,-0.15901357,0.51763797,-0.22940254],[0.2865268,-0.9417589,0.17604734,-0.47188747],[0,0,0,1]],"depth_path":"images/21.depth.png","h":1440,"cx":953.01013,"w":1920,"timestamp":499879.532463291,"fl_y":1596.0804},{"transform_matrix":[[0.5455793,-0.16267924,0.8221185,0.5592389],[-0.8357062,-0.17906795,0.51916283,-0.2356621],[0.06275801,-0.9702939,-0.2336478,-0.92138433],[0,0,0,1]],"fl_y":1593.369,"file_path":"images/22","fl_x":1593.369,"w":1920,"h":1440,"depth_path":"images/22.depth.png","cy":719.00024,"timestamp":499882.582962875,"cx":953.0214},{"timestamp":499885.633462416,"w":1920,"fl_y":1600.5995,"file_path":"images/23","transform_matrix":[[0.41923982,-0.77271795,0.47659755,0.3075986],[-0.8670766,-0.18518806,0.46247584,-0.22519422],[-0.26910314,-0.6071347,-0.7476439,-1.2464826],[0,0,0,1.0000001]],"cx":952.96564,"cy":719.00134,"h":1440,"fl_x":1600.5995,"depth_path":"images/23.depth.png"},{"cy":718.9331,"transform_matrix":[[0.20543037,-0.9755548,0.078045845,-0.009456107],[-0.8261162,-0.130099,0.54827577,-0.20163845],[-0.5247195,-0.17710741,-0.8326479,-1.4412605],[0,0,0,0.99999994]],"w":1920,"fl_y":1581.6195,"file_path":"images/24","depth_path":"images/24.depth.png","timestamp":499888.700631166,"h":1440,"fl_x":1581.6195,"cx":953.0289},{"depth_path":"images/25.depth.png","timestamp":499891.751130708,"fl_y":1581.6195,"transform_matrix":[[-0.0992743,-0.9246309,-0.36769924,-0.40808678],[-0.79992473,-0.14562468,0.5821634,-0.21302216],[-0.5918322,0.35192552,-0.72517824,-1.4527487],[0,0,0,1]],"cx":953.0814,"w":1920,"fl_x":1581.6195,"cy":718.9554,"h":1440,"file_path":"images/25"},{"file_path":"images/26","cy":718.90735,"h":1440,"depth_path":"images/26.depth.png","timestamp":499894.78496075,"w":1920,"fl_x":1603.7628,"transform_matrix":[[-0.36313608,-0.6946682,-0.6209415,-0.65577286],[-0.80252135,-0.10539876,0.5872399,-0.24690442],[-0.47338334,0.71156675,-0.5192119,-1.2193549],[0,0,0,0.99999994]],"cx":953.0768,"fl_y":1603.7628},{"transform_matrix":[[-0.53738916,-0.2672678,-0.7998632,-0.74655485],[-0.7757204,-0.21545136,0.5931601,-0.34441376],[-0.33086413,0.9392278,-0.09154383,-0.8135821],[0,0,0,1]],"fl_x":1600.5995,"h":1440,"timestamp":499897.83546,"fl_y":1600.5995,"file_path":"images/27","w":1920,"cx":953.14294,"cy":719.05585,"depth_path":"images/27.depth.png"},{"w":1920,"h":1440,"timestamp":499900.88595925,"cy":719.0179,"fl_x":1600.1476,"transform_matrix":[[-0.65404594,0.18844973,-0.7326056,-0.72819996],[-0.75627685,-0.18392338,0.62786776,-0.31992564],[-0.016421769,0.9647067,0.2628145,-0.5069907],[0,0,0,1]],"depth_path":"images/28.depth.png","file_path":"images/28","fl_y":1600.1476,"cx":953.17804},{"fl_x":1600.5995,"fl_y":1600.5995,"cx":953.1701,"file_path":"images/29","cy":719.05865,"transform_matrix":[[-0.57889754,0.64462775,-0.49933222,-0.49395835],[-0.76310587,-0.21253176,0.6103275,-0.33294344],[0.28731015,0.73436034,0.6149533,-0.22832732],[0,0,0,0.99999994]],"h":1440,"depth_path":"images/29.depth.png","timestamp":499903.936458,"w":1920},{"h":1440,"timestamp":499906.986956625,"w":1920,"fl_x":1601.0514,"file_path":"images/30","depth_path":"images/30.depth.png","fl_y":1601.0514,"cx":953.10144,"cy":718.99,"transform_matrix":[[-0.45595133,0.7980427,-0.39400014,-0.40707704],[-0.79348314,-0.16399346,0.5860808,-0.41146576],[0.4031041,0.57985675,0.70800656,-0.053928126],[0,0,0,0.99999994]]},{"fl_y":1601.5033,"file_path":"images/31","timestamp":499910.037454916,"depth_path":"images/31.depth.png","h":1440,"fl_x":1601.5033,"transform_matrix":[[-0.09165579,0.99024266,0.10497133,0.02350955],[-0.861011,-0.13176644,0.4912208,-0.4325547],[0.50025934,-0.045358256,0.86468697,0.14641595],[0,0,0,1.0000001]],"w":1920,"cx":952.9682,"cy":718.92804},{"fl_y":1596.5323,"w":1920,"h":1440,"depth_path":"images/32.depth.png","timestamp":499913.087953083,"cy":719.055,"transform_matrix":[[0.094304435,0.8305867,0.5488464,0.40656742],[-0.8437334,-0.22593924,0.48689377,-0.509181],[0.5284134,-0.5089963,0.67948663,-0.12679908],[0,0,0,0.99999994]],"cx":953.0147,"fl_x":1596.5323,"file_path":"images/32"},{"cy":719.0657,"w":1920,"cx":953.0127,"transform_matrix":[[0.1031273,0.81232524,0.57401437,0.40505758],[-0.8468735,-0.23097423,0.47901586,-0.5071738],[0.5216992,-0.53551716,0.66411716,-0.16002752],[0,0,0,1]],"depth_path":"images/33.depth.png","fl_y":1603.3109,"file_path":"images/33","fl_x":1603.3109,"timestamp":499916.121781791,"h":1440},{"fl_y":1602.859,"depth_path":"images/34.depth.png","cx":953.0286,"cy":719.0784,"fl_x":1602.859,"transform_matrix":[[0.33656862,0.4747243,0.81323946,0.6029875],[-0.8394251,-0.24009992,0.48756295,-0.5544677],[0.4267167,-0.8467519,0.31768543,-0.50656974],[0,0,0,0.99999994]],"h":1440,"file_path":"images/34","timestamp":499919.188948875,"w":1920},{"file_path":"images/35","fl_y":1593.8209,"timestamp":499922.2394465,"w":1920,"cx":952.96875,"h":1440,"depth_path":"images/35.depth.png","transform_matrix":[[0.4848425,-0.19116169,0.8534547,0.54772425],[-0.87026894,-0.20245624,0.4490473,-0.53546435],[0.08694659,-0.9604523,-0.2645215,-0.95605385],[0,0,0,0.99999994]],"fl_x":1593.8209,"cy":719.0273},{"transform_matrix":[[0.42594284,-0.8291218,0.36211833,0.21131402],[-0.79360443,-0.15018626,0.58960676,-0.44950053],[-0.43447065,-0.5385174,-0.7219656,-1.2003944],[0,0,0,0.99999994]],"fl_x":1614.1566,"cy":718.96735,"w":1920,"cx":953.10175,"depth_path":"images/36.depth.png","timestamp":499925.273274708,"file_path":"images/36","fl_y":1614.1566,"h":1440},{"cy":718.96075,"w":1920,"file_path":"images/37","fl_y":1601.0514,"timestamp":499928.323772416,"cx":952.9525,"fl_x":1601.0514,"transform_matrix":[[0.08952034,-0.9831545,-0.15935287,-0.14580685],[-0.87405163,-0.15425678,0.46069372,-0.49533695],[-0.47751436,0.09804121,-0.87313676,-1.5007551],[0,0,0,0.99999994]],"h":1440,"depth_path":"images/37.depth.png"},{"depth_path":"images/38.depth.png","fl_x":1598.7919,"timestamp":499931.374270041,"file_path":"images/38","transform_matrix":[[-0.27632555,-0.6837098,-0.6754149,-0.5558015],[-0.8525519,-0.15001294,0.5006511,-0.49257025],[-0.443621,0.7141688,-0.5414456,-1.2560184],[0,0,0,1]],"fl_y":1598.7919,"cx":952.99054,"w":1920,"cy":718.95966,"h":1440},{"fl_x":1598.7919,"transform_matrix":[[-0.43563187,-0.3619848,-0.824131,-0.7574581],[-0.84236676,-0.15874027,0.51499504,-0.49905118],[-0.31724316,0.9185688,-0.23577167,-0.91012114],[0,0,0,0.99999994]],"depth_path":"images/39.depth.png","timestamp":499934.424767625,"w":1920,"h":1440,"file_path":"images/39","fl_y":1598.7919,"cx":953.0097,"cy":718.9715},{"fl_y":1598.7919,"fl_x":1598.7919,"timestamp":499937.475265,"file_path":"images/40","cy":718.9354,"depth_path":"images/40.depth.png","w":1920,"cx":953.0134,"transform_matrix":[[-0.53365076,0.3956214,-0.74746275,-0.6413893],[-0.83860046,-0.13322327,0.5282053,-0.5129238],[0.109389886,0.90869975,0.402863,-0.41122487],[0,0,0,0.9999999]],"h":1440},{"fl_y":1598.34,"file_path":"images/41","transform_matrix":[[-0.2887984,0.94048464,-0.17912072,-0.091858596],[-0.7287942,-0.09463389,0.678162,-0.27427128],[0.62085,0.32639414,0.71274984,-0.09228514],[0,0,0,1]],"fl_x":1598.34,"depth_path":"images/41.depth.png","cx":953.2302,"cy":718.901,"h":1440,"w":1920,"timestamp":499940.5257625},{"fl_x":1598.7919,"w":1920,"depth_path":"images/42.depth.png","timestamp":499943.592929291,"file_path":"images/42","fl_y":1598.7919,"cx":953.1165,"transform_matrix":[[0.10282584,0.96265006,0.25046334,0.1316283],[-0.78471583,-0.07623079,0.61515045,-0.16923231],[0.6112675,-0.25979596,0.74756813,0.063034266],[0,0,0,1]],"cy":718.8704,"h":1440},{"timestamp":499946.643426833,"file_path":"images/43","fl_y":1599.2438,"transform_matrix":[[0.34600848,0.6238213,0.70080316,0.48786715],[-0.835119,-0.13565652,0.5330793,-0.5526544],[0.42761478,-0.7697039,0.4740267,-0.27790076],[0,0,0,0.99999994]],"cy":718.9424,"w":1920,"fl_x":1599.2438,"depth_path":"images/43.depth.png","cx":953.0204,"h":1440},{"h":1440,"file_path":"images/44","transform_matrix":[[0.4800589,-0.04125881,0.8762655,0.59080136],[-0.8726822,-0.124112666,0.472252,-0.5867424],[0.08927109,-0.99141,-0.095587224,-0.76563406],[0,0,0,1]],"timestamp":499949.693924291,"cy":718.9259,"w":1920,"cx":952.9538,"fl_x":1590.6576,"depth_path":"images/44.depth.png","fl_y":1590.6576},{"timestamp":499952.744421541,"fl_x":1603.7628,"cy":718.8445,"cx":953.14075,"w":1920,"transform_matrix":[[0.5098644,-0.6475117,0.5663631,0.21469748],[-0.77069306,-0.051320985,0.6351367,-0.15847385],[-0.38219213,-0.76032555,-0.5251995,-1.0795784],[0,0,0,1]],"depth_path":"images/45.depth.png","h":1440,"fl_y":1603.7628,"file_path":"images/45"},{"file_path":"images/46","fl_y":1601.0514,"w":1920,"fl_x":1601.0514,"transform_matrix":[[0.2678876,-0.9402233,0.21027741,0.062345788],[-0.7351066,-0.058387943,0.6754327,-0.017922696],[-0.6227799,-0.33551624,-0.7068057,-1.3514241],[0,0,0,1]],"depth_path":"images/46.depth.png","cx":953.212,"h":1440,"timestamp":499955.778249416,"cy":718.8585},{"depth_path":"images/47.depth.png","w":1920,"cy":718.95496,"fl_x":1600.1476,"fl_y":1600.1476,"timestamp":499958.828746958,"transform_matrix":[[-0.0009908006,-0.9914408,-0.13055456,-0.20709607],[-0.53882927,-0.109451845,0.8352746,0.14474414],[-0.8424146,0.07117424,-0.53410876,-1.093996],[0,0,0,1]],"cx":953.6426,"file_path":"images/47","h":1440},{"depth_path":"images/48.depth.png","cx":953.8943,"h":1440,"timestamp":499961.879244458,"file_path":"images/48","cy":718.9166,"fl_y":1599.6957,"w":1920,"fl_x":1599.6957,"transform_matrix":[[-0.6069529,-0.7141414,-0.3487268,-0.32241297],[-0.43327945,-0.07050429,0.8984978,0.22610363],[-0.66624117,0.696442,-0.26662996,-0.88352674],[0,0,0,1]]},{"cx":953.95825,"file_path":"images/49","fl_y":1599.6957,"h":1440,"fl_x":1599.6957,"w":1920,"transform_matrix":[[-0.909249,0.120910205,-0.39830548,-0.34102404],[-0.41028765,-0.098909765,0.90657663,0.20815547],[0.07021808,0.9877235,0.13954155,-0.59152585],[0,0,0,1]],"depth_path":"images/49.depth.png","timestamp":499964.946411458,"cy":718.959},{"cy":718.9962,"cx":953.87,"file_path":"images/50","fl_y":1599.6957,"timestamp":499967.996908958,"h":1440,"depth_path":"images/50.depth.png","transform_matrix":[[-0.24667452,0.9689805,0.015115468,-0.12266278],[-0.44936982,-0.12818801,0.8841011,0.16016604],[0.8586143,0.21129273,0.46705133,-0.43217567],[0,0,0,0.9999999]],"w":1920,"fl_x":1599.6957},{"fl_y":1600.1476,"depth_path":"images/51.depth.png","transform_matrix":[[0.34011468,0.8944752,0.290235,0.09533171],[-0.5654011,-0.052110005,0.8231686,0.09403054],[0.7514278,-0.4440708,0.4880138,-0.37624502],[0,0,0,1]],"timestamp":499971.064075791,"cy":718.8792,"file_path":"images/51","w":1920,"fl_x":1600.1476,"cx":953.5931,"h":1440}],"cy":240,"w":0,"fl_x":1,"h":0}