[{"id": 0, "img_name": "0", "width": 1900, "height": 1426, "position": [-3.6041248739521596, -3.061875878509291, 2.5849945604016167], "rotation": [[-0.6703644103810148, -0.31735811759384447, 0.6707424114306517], [0.48363086715141407, 0.49869088417924834, 0.7193111888292095], [-0.5627723710639013, 0.8065923550553966, -0.18082043892575725]], "fy": 1583.6101290325148, "fx": 1582.6030589608586}, {"id": 1, "img_name": "1", "width": 1900, "height": 1426, "position": [-3.7245486712494853, -2.0239734552407054, 1.521450760203878], "rotation": [[-0.5730097708839801, -0.3659267772919672, 0.7333194366251333], [0.5774592742364622, 0.45466558274228835, 0.6781002834890378], [-0.5815501604073257, 0.8120201977354566, -0.049220010157282716]], "fy": 1583.6101290325148, "fx": 1582.6030589608586}, {"id": 2, "img_name": "10", "width": 1900, "height": 1426, "position": [2.4935145436688693, -2.8493411503002704, 2.5463062167029413], "rotation": [[-0.8743420982066973, 0.3583826322391494, -0.32724269925064586], [-0.20424309459240184, 0.3399444772949089, 0.9179991888166407], [0.4402393140268476, 0.8694823984797102, -0.22403058969511508]], "fy": 1583.6101290325148, "fx": 1582.6030589608586}, {"id": 3, "img_name": "100", "width": 1900, "height": 1426, "position": [3.8109769780684597, -1.317481101090726, 4.324775464498691], "rotation": [[-0.7618107964190267, 0.45166084434525633, -0.4643778549249936], [-0.20080179157820155, 0.5169013295406192, 0.8321608354267369], [0.6158919961798439, 0.7271970140233459, -0.30308670679714217]], "fy": 1583.6101290325148, "fx": 1582.6030589608586}, {"id": 4, "img_name": "101", "width": 1900, "height": 1426, "position": [2.095902718896259, -3.0001331985648845, 3.5417676083794625], "rotation": [[-0.9265400229167109, 0.320987160304346, -0.19619079706564355], [-0.08587863177171749, 0.32727016851714624, 0.9410202428235942], [0.366262810750038, 0.8887415145690623, -0.2756629712946061]], "fy": 1583.6101290325148, "fx": 1582.6030589608586}, {"id": 5, "img_name": "102", "width": 1900, "height": 1426, "position": [-0.6667889748542025, -2.2107949452364233, 2.5897018566659384], "rotation": [[-0.944840549907816, 0.062332762757232894, 0.3215446499896171], [0.32752394523997597, 0.1735223955546606, 0.9287723313791238], [0.002097747443353838, 0.9828553326548226, -0.18436646801314294]], "fy": 1583.6101290325148, "fx": 1582.6030589608586}, {"id": 6, "img_name": "103", "width": 1900, "height": 1426, "position": [-2.9560403252247673, -1.8180058612794665, 1.934565634622694], "rotation": [[-0.5636223922506401, -0.3788070527054562, 0.7340538234859015], [0.619916366340657, 0.39333357025435484, 0.6789642120568349], [-0.5459244432123016, 0.8377314124058904, 0.013137083838135583]], "fy": 1583.6101290325148, "fx": 1582.6030589608586}, {"id": 7, "img_name": "104", "width": 1900, "height": 1426, "position": [-3.3964105401716638, -0.28817393500171146, -0.09429478708946054], "rotation": [[-0.07304504358936292, -0.591238800536002, 0.803181861316463], [0.7062247067708294, 0.5379789916892196, 0.4602447914398453], [-0.7042095463379378, 0.6008454753443688, 0.3782507496419743]], "fy": 1583.6101290325148, "fx": 1582.6030589608586}, {"id": 8, "img_name": "105", "width": 1900, "height": 1426, "position": [-1.9313793214055945, 1.5792578983131704, -2.730503084366273], "rotation": [[0.6671326521545877, -0.47360538488489734, 0.5750060554787348], [0.5253264573170063, 0.8463767441610778, 0.08762716579952352], [-0.5281724506938517, 0.24360695053984388, 0.8134430010619853]], "fy": 1583.6101290325148, "fx": 1582.6030589608586}, {"id": 9, "img_name": "106", "width": 1900, "height": 1426, "position": [1.3730991040072393, 1.9646950383282717, -3.452871693024534], "rotation": [[0.9820205213013713, -0.1664124228321613, -0.08912127282592595], [0.16246824936513965, 0.9854527444325002, -0.04986939380702479], [0.09612368954222453, 0.03449339092613668, 0.9947715528156236]], "fy": 1583.6101290325148, "fx": 1582.6030589608586}, {"id": 10, "img_name": "107", "width": 1900, "height": 1426, "position": [1.9827547770306866, 3.933981668490921, -3.2415696488300982], "rotation": [[0.9465765640809808, 0.10460395244541412, -0.3050423273341626], [-0.16924146390048714, 0.9663322900060614, -0.19380204381910227], [0.2744997909461225, 0.2350742827798027, 0.9324108248760823]], "fy": 1583.6101290325148, "fx": 1582.6030589608586}, {"id": 11, "img_name": "108", "width": 1900, "height": 1426, "position": [-0.15345068693527844, 3.428721642609692, -2.9850375169695234], "rotation": [[0.99772957256696, -0.0672151354937173, -0.004222035754501722], [0.06672884343113641, 0.9950968058851178, -0.07300416680970225], [0.009108319257357504, 0.07255668458382844, 0.997322699051069]], "fy": 1583.6101290325148, "fx": 1582.6030589608586}, {"id": 12, "img_name": "109", "width": 1900, "height": 1426, "position": [-2.2818569717340416, 1.6133668961200862, -1.6844576108010492], "rotation": [[0.6486117085052736, -0.4686155625475207, 0.5997518704665629], [0.5098203509756217, 0.8525850340517982, 0.11481275818474183], [-0.5651425141687395, 0.2312968098551405, 0.791906386152979]], "fy": 1583.6101290325148, "fx": 1582.6030589608586}, {"id": 13, "img_name": "11", "width": 1900, "height": 1426, "position": [-2.9463126853434223, -1.360977615651228, 1.047550286943052], "rotation": [[-0.47693636785071114, -0.46536479929332536, 0.7456321509967588], [0.6213733600584795, 0.42146576650539486, 0.6605011393431919], [-0.6216324061943727, 0.7783329693920864, 0.08815293713933506]], "fy": 1583.6101290325148, "fx": 1582.6030589608586}, {"id": 14, "img_name": "110", "width": 1900, "height": 1426, "position": [-2.617583639499852, 0.5403952674579097, -1.094187570448236], "rotation": [[0.3160797404216351, -0.6130955482242637, 0.7240217168307739], [0.5859581518136006, 0.7263502757648487, 0.359260798333909], [-0.7461545697897864, 0.3106913671860189, 0.5888329409415723]], "fy": 1583.6101290325148, "fx": 1582.6030589608586}, {"id": 15, "img_name": "111", "width": 1900, "height": 1426, "position": [-2.5441485323953206, -0.7542035716702099, 0.05994031714997724], "rotation": [[-0.15633776747222136, -0.6560822457830744, 0.7383187585521848], [0.6596218853837896, 0.48702700168695984, 0.5724540749706869], [-0.7351581263813495, 0.576507403591704, 0.35662549378783337]], "fy": 1583.6101290325148, "fx": 1582.6030589608586}, {"id": 16, "img_name": "112", "width": 1900, "height": 1426, "position": [-0.5917138057892594, -0.46227997586926034, 0.26807564416253965], "rotation": [[-0.16774817686339002, -0.7203270613339218, 0.6730449270806849], [0.6682981575837756, 0.41881021188178014, 0.6147971852519081], [-0.7247331382854927, 0.5529257917058802, 0.411138598452257]], "fy": 1583.6101290325148, "fx": 1582.6030589608586}, {"id": 17, "img_name": "115", "width": 1900, "height": 1426, "position": [-1.088387928767861, 0.29085607411924164, 0.3741161967890722], "rotation": [[-0.24953678422454859, -0.7860324754747773, 0.5655831864702705], [0.6599595662655944, 0.2893721847127, 0.6933376591597544], [-0.7086499588749017, 0.5462752842785337, 0.4465406471677661]], "fy": 1583.6101290325148, "fx": 1582.6030589608586}, {"id": 18, "img_name": "116", "width": 1900, "height": 1426, "position": [-0.9163265819308555, -0.36746404316669873, 1.1655077263356173], "rotation": [[-0.229175611220384, -0.7799344664592066, 0.5823922795253694], [0.6455360244736784, 0.32603187052943705, 0.6906420639562831], [-0.7285339939415878, 0.534233513950659, 0.42875724162216705]], "fy": 1583.6101290325148, "fx": 1582.6030589608586}, {"id": 19, "img_name": "117", "width": 1900, "height": 1426, "position": [-1.9872189733121994, -0.48084158395417353, 1.6762497063079378], "rotation": [[-0.39167772885048235, -0.6088434972266935, 0.6898537182673563], [0.6288863008704264, 0.3701415158792067, 0.6837377266175638], [-0.6716327696740527, 0.7016443929138266, 0.2379171464870668]], "fy": 1583.6101290325148, "fx": 1582.6030589608586}, {"id": 20, "img_name": "118", "width": 1900, "height": 1426, "position": [-1.951015129752784, 1.049674255091231, -0.06352630323822063], "rotation": [[0.32473529640615945, -0.697902892847129, 0.6383404572981509], [0.7498044356758701, 0.6013408109616328, 0.2760118427038883], [-0.5764896317443999, 0.3889997188014594, 0.7185672712165448]], "fy": 1583.6101290325148, "fx": 1582.6030589608586}, {"id": 21, "img_name": "119", "width": 1900, "height": 1426, "position": [-0.6869484681272303, 1.410683746700521, -0.9727088938053075], "rotation": [[0.7580697117150479, -0.5114182539133274, 0.4046994956069351], [0.5341562564126254, 0.8429121726036685, 0.06462323894554663], [-0.3741756351174054, 0.16718384742793496, 0.9121634476581921]], "fy": 1583.6101290325148, "fx": 1582.6030589608586}, {"id": 22, "img_name": "12", "width": 1900, "height": 1426, "position": [-1.3378555190123753, 1.8086458483737748, -3.2775854853908815], "rotation": [[0.8221061284459763, -0.35649068585702215, 0.4439097931660863], [0.3815515149167078, 0.9236787053974416, 0.035158081006672004], [-0.42256355147638186, 0.14047078020889756, 0.8953814856647251]], "fy": 1583.6101290325148, "fx": 1582.6030589608586}, {"id": 23, "img_name": "120", "width": 1900, "height": 1426, "position": [0.4026291435530386, 0.9393361214105395, -1.5477309871095246], "rotation": [[0.9470945218305472, -0.29113483131060514, 0.13510172728841252], [0.2872579331428931, 0.9566602615493531, 0.04779146177714663], [-0.14316021292607892, -0.006453988694505387, 0.9896784828745601]], "fy": 1583.6101290325148, "fx": 1582.6030589608586}, {"id": 24, "img_name": "121", "width": 1900, "height": 1426, "position": [0.2408753084110407, 1.6750575565687211, -2.560318511212276], "rotation": [[0.9913781987583568, -0.1297014239682165, 0.018622772276254702], [0.1299603293362056, 0.9914281726362669, -0.013434705130276597], [-0.01672064070127855, 0.01573909539107848, 0.9997363157607158]], "fy": 1583.6101290325148, "fx": 1582.6030589608586}, {"id": 25, "img_name": "13", "width": 1900, "height": 1426, "position": [0.5623081296280522, 1.604306952981223, -3.1262762259759245], "rotation": [[0.9978649265561877, -0.06291888344442091, -0.01751577731993095], [0.06267404443196849, 0.9979331209599334, -0.014193316938144483], [0.01837260198103875, 0.013065228558060419, 0.9997458413512765]], "fy": 1583.6101290325148, "fx": 1582.6030589608586}, {"id": 26, "img_name": "14", "width": 1900, "height": 1426, "position": [1.9547988178144042, 1.114548606522619, -2.419127181128397], "rotation": [[0.9002057471616148, 0.1794302077283773, -0.3967800566204789], [-0.18535303662539526, 0.9823855436020813, 0.023725419604046526], [0.39404804858157083, 0.05218662928561852, 0.9176070461438607]], "fy": 1583.6101290325148, "fx": 1582.6030589608586}, {"id": 27, "img_name": "15", "width": 1900, "height": 1426, "position": [2.743480740283409, 0.40591711693480426, -1.4705973710666824], "rotation": [[0.6728790453541127, 0.3640438568538014, -0.6439765994276088], [-0.3519730229205456, 0.9232314804638616, 0.1541383294858208], [0.6506525812286545, 0.12294593839373211, 0.7493567339878744]], "fy": 1583.6101290325148, "fx": 1582.6030589608586}, {"id": 28, "img_name": "16", "width": 1900, "height": 1426, "position": [3.1869123991129626, -0.4851105958094982, -0.19643903215075714], "rotation": [[0.3540436367947435, 0.5226461778282433, -0.7755604915457466], [-0.4555616985243485, 0.8206145864160775, 0.3450438224324274], [0.8167720869880177, 0.23115508508942256, 0.5286309530802558]], "fy": 1583.6101290325148, "fx": 1582.6030589608586}, {"id": 29, "img_name": "17", "width": 1900, "height": 1426, "position": [3.153579974927061, -1.260352000806036, 0.8287760751759837], "rotation": [[-0.07660820880857956, 0.6001447974185551, -0.7962144211671769], [-0.4648232594169063, 0.6849765306683266, 0.5610227178453884], [0.8820830572277105, 0.413077927956729, 0.22648643576777616]], "fy": 1583.6101290325148, "fx": 1582.6030589608586}, {"id": 30, "img_name": "18", "width": 1900, "height": 1426, "position": [1.9737115724458825, -2.205817289131929, 2.1162711141452575], "rotation": [[-0.8166790153976208, 0.3873566590070586, -0.42777354351579705], [-0.2648036548764506, 0.4070800563717417, 0.87416523156006], [0.5127518017259869, 0.8271883983877367, -0.22988028057988188]], "fy": 1583.6101290325148, "fx": 1582.6030589608586}, {"id": 31, "img_name": "19", "width": 1900, "height": 1426, "position": [-0.1477619359964782, -2.405977766015275, 2.5026851847795215], "rotation": [[-0.9895263590942046, 0.06900835468021657, 0.12678892554989477], [0.1421869499350653, 0.3143905565893964, 0.9385848119352735], [0.02490895272649073, 0.9467821422649135, -0.32090983026752323]], "fy": 1583.6101290325148, "fx": 1582.6030589608586}, {"id": 32, "img_name": "2", "width": 1900, "height": 1426, "position": [-3.679450061701528, -0.5131284823133541, -0.3926024660808579], "rotation": [[-0.12539932878270937, -0.5168912265229054, 0.8468166674578931], [0.7067966565467355, 0.5524394444809606, 0.44187005609785746], [-0.6962136846078233, 0.6539373977111372, 0.29606145517372573]], "fy": 1583.6101290325148, "fx": 1582.6030589608586}, {"id": 33, "img_name": "20", "width": 1900, "height": 1426, "position": [-1.8244941909700394, -1.9258814005483231, 1.827185974746035], "rotation": [[-0.7518528975560509, -0.2924437808469868, 0.5909262690729613], [0.48860696765466244, 0.35464169647236554, 0.7971778335368579], [-0.44269679420104935, 0.8880911564513646, -0.12374831811783067]], "fy": 1583.6101290325148, "fx": 1582.6030589608586}, {"id": 34, "img_name": "21", "width": 1900, "height": 1426, "position": [-2.840938017729431, -1.11687849000216, 0.7858066509594493], "rotation": [[-0.3332415010822462, -0.5261875317209189, 0.782353362246177], [0.6259834582044389, 0.4970281292450174, 0.6009224149535526], [-0.7050495103259506, 0.6899925508298226, 0.16375429090100851]], "fy": 1583.6101290325148, "fx": 1582.6030589608586}, {"id": 35, "img_name": "22", "width": 1900, "height": 1426, "position": [-3.0159599012580642, 0.08272537692684018, -0.7798296246681299], "rotation": [[0.2011323773264547, -0.5772434029353131, 0.7914138112003531], [0.6452009113186701, 0.6859818736652155, 0.3363698158817437], [-0.7370627862160499, 0.4429660514874928, 0.5104111346796948]], "fy": 1583.6101290325148, "fx": 1582.6030589608586}, {"id": 36, "img_name": "23", "width": 1900, "height": 1426, "position": [-1.112360922080942, 1.3740296690507439, -2.6782758594780995], "rotation": [[0.8421855154018348, -0.34617255411847014, 0.41338616380140314], [0.3620825025391193, 0.931193807554021, 0.04212308307868227], [-0.3995244911170707, 0.11420444627132398, 0.9095809614594548]], "fy": 1583.6101290325148, "fx": 1582.6030589608586}, {"id": 37, "img_name": "24", "width": 1900, "height": 1426, "position": [0.9099535867722176, 1.6022856113365684, -3.116962850494447], "rotation": [[0.9956755851588883, 0.03315165421328495, -0.0867818929352668], [-0.03301031165532469, 0.9994503155908034, 0.0030636562898030324], [0.08683575555566761, -0.0001857104372431655, 0.996222624250579]], "fy": 1583.6101290325148, "fx": 1582.6030589608586}, {"id": 38, "img_name": "25", "width": 1900, "height": 1426, "position": [2.5257911013830414, 0.8496917915206129, -2.2282664779033476], "rotation": [[0.8009217019541113, 0.35200813882578863, -0.48437041356727567], [-0.3455961432020292, 0.9323629907261509, 0.10612520590354517], [0.48896598362545834, 0.08239856627752447, 0.8684024085253312]], "fy": 1583.6101290325148, "fx": 1582.6030589608586}, {"id": 39, "img_name": "26", "width": 1900, "height": 1426, "position": [3.186134427967839, -0.28899712872867256, -0.7041113752409756], "rotation": [[0.3517798730600289, 0.601964160467445, -0.7168612630227649], [-0.5511148250909954, 0.7522029132797713, 0.3611969363357704], [0.7566527410079151, 0.26801105717143237, 0.596361218356006]], "fy": 1583.6101290325148, "fx": 1582.6030589608586}, {"id": 40, "img_name": "27", "width": 1900, "height": 1426, "position": [2.9535905617865676, -1.5224265834239663, 0.9998865971171177], "rotation": [[-0.3095429071150376, 0.6456544811195543, -0.6980784194236421], [-0.5242273768461534, 0.49661843245524656, 0.6917772690040449], [0.7933277040541142, 0.5800865655709783, 0.18474504167715824]], "fy": 1583.6101290325148, "fx": 1582.6030589608586}, {"id": 41, "img_name": "28", "width": 1900, "height": 1426, "position": [1.5389616607153185, -2.465153474005029, 2.3257858352727054], "rotation": [[-0.9283004798859931, 0.27838627479262046, -0.24649401828547884], [-0.16903373680648567, 0.27450989968380346, 0.946610749356262], [0.33118848842414506, 0.9204050179038985, -0.20777099930609652]], "fy": 1583.6101290325148, "fx": 1582.6030589608586}, {"id": 42, "img_name": "29", "width": 1900, "height": 1426, "position": [0.4742956877319394, -2.557656364056562, 2.478282912354776], "rotation": [[-0.9950341062055731, 0.0899401364801222, -0.042636830764183016], [-0.01759190195534268, 0.2627065661232168, 0.9647153907248198], [0.09796760930669994, 0.9606747794991212, -0.2598197751539418]], "fy": 1583.6101290325148, "fx": 1582.6030589608586}, {"id": 43, "img_name": "3", "width": 1900, "height": 1426, "position": [-3.3759521320900885, 0.8480347637374397, -2.2134055553627356], "rotation": [[0.35345895355791346, -0.5668471186448489, 0.7441445506309762], [0.6732025572573737, 0.7064733557717418, 0.21838890651025852], [-0.6495114202628597, 0.4237685000901394, 0.6313122628933137]], "fy": 1583.6101290325148, "fx": 1582.6030589608586}, {"id": 44, "img_name": "30", "width": 1900, "height": 1426, "position": [-1.6540438524312262, -2.2436599297627278, 2.199765849298412], "rotation": [[-0.8528455618238517, -0.2717309468509473, 0.4458887083127874], [0.3642239053247322, 0.30231172064384515, 0.880879430087545], [-0.37415958422491186, 0.9136574391339707, -0.15885430257879601]], "fy": 1583.6101290325148, "fx": 1582.6030589608586}, {"id": 45, "img_name": "31", "width": 1900, "height": 1426, "position": [-3.1365314672563973, -1.3581118935918386, 1.0863351340895646], "rotation": [[-0.3522603184374957, -0.561257599119778, 0.7489342931690448], [0.5964834176198079, 0.4820076488150806, 0.6417757856045613], [-0.7211935943690212, 0.6727990293646837, 0.16498868302714428]], "fy": 1583.6101290325148, "fx": 1582.6030589608586}, {"id": 46, "img_name": "32", "width": 1900, "height": 1426, "position": [-3.4884660305396786, -0.16190362121061558, -0.5214091148169226], "rotation": [[0.06754832046610855, -0.5697379714311408, 0.8190457058746698], [0.6100218989175712, 0.6731849069420164, 0.41796574489600136], [-0.7895001629152514, 0.47140293271785794, 0.39302514904493624]], "fy": 1583.6101290325148, "fx": 1582.6030589608586}, {"id": 47, "img_name": "33", "width": 1900, "height": 1426, "position": [-2.7156805117629235, 1.0651693939558435, -2.1743034701499546], "rotation": [[0.5244576846035319, -0.4791044679541188, 0.70384873790233], [0.512335866160438, 0.8378312003896451, 0.18854930362979333], [-0.6800412467681174, 0.26172082156383164, 0.6848694140155606]], "fy": 1583.6101290325148, "fx": 1582.6030589608586}, {"id": 48, "img_name": "34", "width": 1900, "height": 1426, "position": [-0.8324541651033398, 1.712734195189722, -3.127715025586718], "rotation": [[0.9109045442592512, -0.2377701943963945, 0.33722136039187467], [0.25474273416367266, 0.9669883240391886, -0.006302425144138155], [-0.3245905892638637, 0.09164559906826861, 0.9414042880360997]], "fy": 1583.6101290325148, "fx": 1582.6030589608586}, {"id": 49, "img_name": "35", "width": 1900, "height": 1426, "position": [1.3496728500146231, 1.5672083254100986, -3.08967431491307], "rotation": [[0.9542164237206535, 0.18314515155312966, -0.23649285436212983], [-0.1864685061331849, 0.982424721289181, 0.00843582955810114], [0.233881407816493, 0.036048862152030965, 0.9715966069389699]], "fy": 1583.6101290325148, "fx": 1582.6030589608586}, {"id": 50, "img_name": "36", "width": 1900, "height": 1426, "position": [2.8069443138796237, 0.6338331359320553, -1.8639263017762355], "rotation": [[0.5644274609482719, 0.4688553458469827, -0.6794087915225954], [-0.45837511867346875, 0.8625082910698633, 0.21441011733784332], [0.6865230454315212, 0.19040512731134768, 0.7017349895686967]], "fy": 1583.6101290325148, "fx": 1582.6030589608586}, {"id": 51, "img_name": "37", "width": 1900, "height": 1426, "position": [3.3158052929168553, -0.6966706316107585, -0.06393413876746613], "rotation": [[0.04436840582757125, 0.5920195872241995, -0.8047013439203443], [-0.5222313672999429, 0.7004192592203399, 0.4865051493265639], [0.8516488968890592, 0.39865482520109913, 0.3402476844469764]], "fy": 1583.6101290325148, "fx": 1582.6030589608586}, {"id": 52, "img_name": "38", "width": 1900, "height": 1426, "position": [2.309742109797177, -1.7859465700963355, 1.4394586241525156], "rotation": [[-0.7352638270466331, 0.454029424884295, -0.503233927687686], [-0.34881067518510395, 0.38312575377217306, 0.8553044894500532], [0.5811352833150393, 0.804407818296006, -0.12332819771085869]], "fy": 1583.6101290325148, "fx": 1582.6030589608586}, {"id": 53, "img_name": "39", "width": 1900, "height": 1426, "position": [0.8180922961098149, -2.0963111118592503, 1.6403629700147508], "rotation": [[-0.9791312243202986, 0.2024498259765339, -0.0177795816346602], [0.004889880787259942, 0.11092859068743423, 0.9938163496511747], [0.20317021097325957, 0.972989679148844, -0.10960360232633928]], "fy": 1583.6101290325148, "fx": 1582.6030589608586}, {"id": 54, "img_name": "4", "width": 1900, "height": 1426, "position": [-2.20124948999532, 2.078297915418449, -3.9167102998262138], "rotation": [[0.739796811817571, -0.4096592852223359, 0.5337414610611416], [0.48157818083474285, 0.8763879850538496, 0.005153192908578935], [-0.46987565692261307, 0.2532259261694547, 0.8456320105974966]], "fy": 1583.6101290325148, "fx": 1582.6030589608586}, {"id": 55, "img_name": "40", "width": 1900, "height": 1426, "position": [-1.2130462018033614, -1.290174537461466, 0.6035405247636809], "rotation": [[-0.6306596179621917, -0.5051890746539203, 0.589111572728034], [0.5583306185982204, 0.2318792277924931, 0.7965544200204312], [-0.5390133269294095, 0.8312737350407943, 0.1358256633476043]], "fy": 1583.6101290325148, "fx": 1582.6030589608586}, {"id": 56, "img_name": "41", "width": 1900, "height": 1426, "position": [-1.3334378649902678, -0.2049404110274406, -0.8073659443218225], "rotation": [[0.036986778571029104, -0.732374321362914, 0.6798969272023141], [0.7080300261802898, 0.49933452863730854, 0.4993580985001596], [-0.7052130601726517, 0.46291779175007747, 0.5370117855719332]], "fy": 1583.6101290325148, "fx": 1582.6030589608586}, {"id": 57, "img_name": "42", "width": 1900, "height": 1426, "position": [0.4449477727383423, 0.7995986816404492, -2.2262438943742926], "rotation": [[0.9407617761747467, -0.2910389310576933, 0.17396442480384128], [0.25987694850410703, 0.9484532184653548, 0.18138485057717427], [-0.21778717162571765, -0.12543059033387902, 0.9679028437212926]], "fy": 1583.6101290325148, "fx": 1582.6030589608586}, {"id": 58, "img_name": "43", "width": 1900, "height": 1426, "position": [1.9957719848984776, 0.31929725157380623, -1.6500888535721054], "rotation": [[0.9271747760037918, 0.2223828949014409, -0.30148429942133464], [-0.14176046775183856, 0.9531781436748247, 0.2671243085220722], [0.34677212189721685, -0.20493236561331626, 0.9152878350546519]], "fy": 1583.6101290325148, "fx": 1582.6030589608586}, {"id": 59, "img_name": "44", "width": 1900, "height": 1426, "position": [2.523970866705125, -0.7547405756793267, -0.1202917597974318], "rotation": [[0.3621097402026681, 0.6888886929659467, -0.6279402079450126], [-0.4088514538714255, 0.7227790579118737, 0.5571632813738228], [0.8376855165977132, 0.054980015893902605, 0.5433784805591112]], "fy": 1583.6101290325148, "fx": 1582.6030589608586}, {"id": 60, "img_name": "45", "width": 1900, "height": 1426, "position": [0.9567427311096208, -2.166514802693253, 1.7508911976890347], "rotation": [[-0.9223298899520558, 0.37547032524248963, -0.09126669142313872], [-0.03081931763182981, 0.16395983755536547, 0.98598546709854], [0.38517235591581045, 0.9122166445154992, -0.1396533197140219]], "fy": 1583.6101290325148, "fx": 1582.6030589608586}, {"id": 61, "img_name": "46", "width": 1900, "height": 1426, "position": [-1.0222216066922398, -1.8832848924114214, 1.4784561154743812], "rotation": [[-0.8126603527805262, -0.2898412617051779, 0.5055444530719141], [0.4687814246369818, 0.1901790371340887, 0.8625983478711702], [-0.34616055080547803, 0.9379893266172602, -0.018678763828115535]], "fy": 1583.6101290325148, "fx": 1582.6030589608586}, {"id": 62, "img_name": "47", "width": 1900, "height": 1426, "position": [-2.340565065342696, -0.3726824766987941, -0.4948792312430586], "rotation": [[-0.07172788501319063, -0.6680599436367618, 0.7406423038279552], [0.7120736475093438, 0.4856649128299946, 0.5070312741523668], [-0.6984312643591157, 0.5637601477169881, 0.44087216379790456]], "fy": 1583.6101290325148, "fx": 1582.6030589608586}, {"id": 63, "img_name": "48", "width": 1900, "height": 1426, "position": [-1.864721087337388, 0.6458791317880779, -1.9239880962958562], "rotation": [[0.5463696998567321, -0.6156311615392333, 0.567871837671423], [0.5976987882991522, 0.7615655147034459, 0.25054765071778456], [-0.5867165495741447, 0.20252466456293694, 0.784058320980959]], "fy": 1583.6101290325148, "fx": 1582.6030589608586}, {"id": 64, "img_name": "49", "width": 1900, "height": 1426, "position": [1.1772578659920625, 0.6459335437099386, -2.3466238713848107], "rotation": [[0.9903968046328676, -0.01583056992391674, -0.13734468474931763], [0.041024031047750494, 0.9823309420239572, 0.18260051812335593], [0.13202726328148537, -0.1864814022850773, 0.9735468598645843]], "fy": 1583.6101290325148, "fx": 1582.6030589608586}, {"id": 65, "img_name": "5", "width": 1900, "height": 1426, "position": [0.10225557589026091, 2.2385939642410513, -4.295418437564413], "rotation": [[0.9873731329923837, -0.14539832291776264, 0.06287784933906779], [0.15133625498152264, 0.9830845678753996, -0.10316041068843486], [-0.04681489264082587, 0.11137351614248785, 0.9926753274505651]], "fy": 1583.6101290325148, "fx": 1582.6030589608586}, {"id": 66, "img_name": "50", "width": 1900, "height": 1426, "position": [2.4126266610227085, -0.33786765028070614, -1.0821081750618435], "rotation": [[0.5777361453876266, 0.6469861954717943, -0.49762416458767383], [-0.4106756560454771, 0.7572884456885375, 0.5077988928288991], [0.7053839038738153, -0.08901164471894728, 0.7032143878364292]], "fy": 1583.6101290325148, "fx": 1582.6030589608586}, {"id": 67, "img_name": "51", "width": 1900, "height": 1426, "position": [2.3562162694123887, -1.4637329466239017, 0.18635085838858584], "rotation": [[-0.27905657977993387, 0.8282751461814014, -0.485888575189522], [-0.4316796991634342, 0.34377798891088973, 0.8339480389511994], [0.8577762310834294, 0.44246692142866717, 0.26161605613903977]], "fy": 1583.6101290325148, "fx": 1582.6030589608586}, {"id": 68, "img_name": "52", "width": 1900, "height": 1426, "position": [0.0812704018250563, -2.4785690440243564, 1.2226256925174679], "rotation": [[-0.9889525360783042, -0.03523958296219055, 0.14398282250650854], [0.14001914235179694, 0.09675984033781812, 0.9854096473410777], [-0.04865717993633701, 0.9946837211347385, -0.0907566733094159]], "fy": 1583.6101290325148, "fx": 1582.6030589608586}, {"id": 69, "img_name": "53", "width": 1900, "height": 1426, "position": [-1.7810401816161112, -2.048844013085426, 0.7125057086901418], "rotation": [[-0.5356938626105792, -0.5486920616620624, 0.6418481962507905], [0.562913602635649, 0.3345286660735513, 0.7557902139766067], [-0.6294127116043278, 0.76617725954513, 0.12966127188486787]], "fy": 1583.6101290325148, "fx": 1582.6030589608586}, {"id": 70, "img_name": "54", "width": 1900, "height": 1426, "position": [-2.31430567645157, -0.6410777772754356, -1.1371616071753383], "rotation": [[0.1688635679602331, -0.687651072657986, 0.7061310768462614], [0.6212316663804599, 0.6304575293829335, 0.4653971640765811], [-0.7652165132182499, 0.3600823599076861, 0.5336519296146273]], "fy": 1583.6101290325148, "fx": 1582.6030589608586}, {"id": 71, "img_name": "55", "width": 1900, "height": 1426, "position": [-0.838871953784236, -0.03868386977769251, -2.1913581811012643], "rotation": [[0.8583242682207484, -0.3813009211316475, 0.34334976063407113], [0.2838132965796939, 0.9102785401075146, 0.3014017121787779], [-0.4274686693406705, -0.16125317660092567, 0.8895324332300802]], "fy": 1583.6101290325148, "fx": 1582.6030589608586}, {"id": 72, "img_name": "56", "width": 1900, "height": 1426, "position": [1.0192650461343038, -0.1881788124119188, -1.9396545393169797], "rotation": [[0.9618548885288548, 0.2343070162111411, -0.14119276032210742], [-0.17036788534798306, 0.916889089994483, 0.3609559256905823], [0.21403260745783695, -0.32313250966642265, 0.9218326443240544]], "fy": 1583.6101290325148, "fx": 1582.6030589608586}, {"id": 73, "img_name": "57", "width": 1900, "height": 1426, "position": [1.9419469158061184, -0.9365040094423757, -0.7969286250083522], "rotation": [[0.4376492678077143, 0.7819577168005263, -0.44385273179679696], [-0.5055553613649124, 0.6222207841392337, 0.5977081832971253], [0.7435569211449544, -0.03719442056633256, 0.6676373866824495]], "fy": 1583.6101290325148, "fx": 1582.6030589608586}, {"id": 74, "img_name": "58", "width": 1900, "height": 1426, "position": [1.4674115124394298, -1.830189860327105, 0.4333167835107242], "rotation": [[-0.525274570045861, 0.7818514333855338, -0.3358496124400349], [-0.4169464412555924, 0.10757448630172846, 0.9025427386119816], [0.7417831834083543, 0.6141140496763653, 0.26948403070063764]], "fy": 1583.6101290325148, "fx": 1582.6030589608586}, {"id": 75, "img_name": "59", "width": 1900, "height": 1426, "position": [0.01892910675378258, -2.2601977196749985, 1.2567444313806484], "rotation": [[-0.9786845636530459, 0.2009018031694041, 0.042602703558914476], [0.05393596705586363, 0.05127746642693694, 0.9972269214650109], [0.19816012798995544, 0.978268412512699, -0.06102029789248901]], "fy": 1583.6101290325148, "fx": 1582.6030589608586}, {"id": 76, "img_name": "6", "width": 1900, "height": 1426, "position": [1.972262697189822, 1.4286068941163388, -3.3244754323223447], "rotation": [[0.8214799529893899, 0.28401521886694253, -0.4944755224361592], [-0.2946937055957828, 0.9538135782113516, 0.0582690132221577], [0.4881867539362123, 0.09785199779064611, 0.8672362306831995]], "fy": 1583.6101290325148, "fx": 1582.6030589608586}, {"id": 77, "img_name": "60", "width": 1900, "height": 1426, "position": [-2.0817681717112952, -0.9823748112962769, 1.6037797311933275], "rotation": [[-0.7385471067300574, -0.2743056341449167, 0.6158770901868456], [0.5818456299726125, 0.20215440764227513, 0.7877748779648753], [-0.3405933558107593, 0.9401542504010475, 0.010302981627155358]], "fy": 1583.6101290325148, "fx": 1582.6030589608586}, {"id": 78, "img_name": "61", "width": 1900, "height": 1426, "position": [-3.132479160894167, -0.029317370808810885, 1.469815132057325], "rotation": [[-0.4422073840252095, -0.3345545665163462, 0.8321813934092973], [0.7646246086318184, 0.3443725023470357, 0.544753877913576], [-0.46883028633847773, 0.8772005595360165, 0.1035245910954512]], "fy": 1583.6101290325148, "fx": 1582.6030589608586}, {"id": 79, "img_name": "62", "width": 1900, "height": 1426, "position": [-3.312277786825687, 1.0546942258287006, 0.6881240517279935], "rotation": [[-0.18997747538016602, -0.41877618087107554, 0.8879949713727068], [0.8434142152400876, 0.39336250067245543, 0.3659486365539013], [-0.5025544949347536, 0.8184695800087798, 0.2784717691636374]], "fy": 1583.6101290325148, "fx": 1582.6030589608586}, {"id": 80, "img_name": "63", "width": 1900, "height": 1426, "position": [-2.4435341157237165, 2.6143797290566058, -1.1603709809343998], "rotation": [[0.6266818011739987, -0.4854167938702704, 0.6096232084706259], [0.6578127392345584, 0.7489340897539787, -0.07987571160938767], [-0.4177945908913129, 0.45107456748644853, 0.7886567151738924]], "fy": 1583.6101290325148, "fx": 1582.6030589608586}, {"id": 81, "img_name": "64", "width": 1900, "height": 1426, "position": [-0.1262136788671056, 3.2334747910349617, -1.9649034363145241], "rotation": [[0.9628610784205375, -0.26209374433309923, -0.06484915453801537], [0.24594918151560385, 0.9505154882976112, -0.18981387361875898], [0.11138915465449918, 0.1668147945711341, 0.9796761100167475]], "fy": 1583.6101290325148, "fx": 1582.6030589608586}, {"id": 82, "img_name": "65", "width": 1900, "height": 1426, "position": [2.1282726470973468, 2.8356499425371733, -1.4387646293501128], "rotation": [[0.7546443971838549, 0.10166464714108833, -0.6482099454040289], [-0.16891711788094446, 0.9847260414339689, -0.04220936636080219], [0.6340180132187188, 0.14134681759227302, 0.7602908891146373]], "fy": 1583.6101290325148, "fx": 1582.6030589608586}, {"id": 83, "img_name": "66", "width": 1900, "height": 1426, "position": [2.977292472291179, 2.5318380460901677, -1.866021375919975], "rotation": [[0.7767140581383949, 0.11274575505086551, -0.6196802938678917], [-0.2018964600736608, 0.9765007566719583, -0.07539291497758698], [0.5966180447320638, 0.18366999465645772, 0.7812248343229915]], "fy": 1583.6101290325148, "fx": 1582.6030589608586}, {"id": 84, "img_name": "67", "width": 1900, "height": 1426, "position": [2.789057141669137, 3.044768607473256, -3.548548996731771], "rotation": [[0.8603672575943855, 0.11346696666403301, -0.4968837183240961], [-0.21429069010251223, 0.9650797530603379, -0.15066708455527525], [0.4624366791193207, 0.23610658124893638, 0.854637935090664]], "fy": 1583.6101290325148, "fx": 1582.6030589608586}, {"id": 85, "img_name": "68", "width": 1900, "height": 1426, "position": [3.4088721195649567, 1.6762827042194313, -1.9761333905217826], "rotation": [[0.4741750998971677, 0.2374858886716919, -0.847796218037877], [-0.2813314616023879, 0.9533202137062836, 0.1096958470119533], [0.8342724874704757, 0.18649670994637532, 0.5188529597381153]], "fy": 1583.6101290325148, "fx": 1582.6030589608586}, {"id": 86, "img_name": "69", "width": 1900, "height": 1426, "position": [3.494087803144778, 1.2659503422025344, -0.30072731479757325], "rotation": [[0.3375442521298827, 0.294203500246241, -0.8941522120405107], [-0.3261350721811791, 0.9276185228944748, 0.1820982994880786], [0.8830061112741263, 0.23014816189996604, 0.4090623803610053]], "fy": 1583.6101290325148, "fx": 1582.6030589608586}, {"id": 87, "img_name": "7", "width": 1900, "height": 1426, "position": [2.8242815679467648, -0.012017935587940736, -1.245996147775437], "rotation": [[0.45856321347074097, 0.5125111629909199, -0.7259835308470034], [-0.4366938847340653, 0.8414572289931562, 0.31819519608414876], [0.7739626801643982, 0.1711199567112314, 0.6096718216613656]], "fy": 1583.6101290325148, "fx": 1582.6030589608586}, {"id": 88, "img_name": "70", "width": 1900, "height": 1426, "position": [3.218453634344795, -0.5305771568170737, 2.208786036164498], "rotation": [[-0.4264452569449956, 0.3519657580348893, -0.8332253884754365], [-0.36743242037213153, 0.7743489424620985, 0.5151476795709236], [0.82652154193862, 0.52583630578228, -0.20089380337046364]], "fy": 1583.6101290325148, "fx": 1582.6030589608586}, {"id": 89, "img_name": "71", "width": 1900, "height": 1426, "position": [3.3709508587281265, -1.1840177485566779, 2.9980067972945297], "rotation": [[-0.6965040671761226, 0.4267306795309173, -0.5768734796766108], [-0.2508417522293547, 0.6084217282147371, 0.7529285596752854], [0.672280075374562, 0.6691217585636221, -0.3167263368763312]], "fy": 1583.6101290325148, "fx": 1582.6030589608586}, {"id": 90, "img_name": "72", "width": 1900, "height": 1426, "position": [2.8765173142347114, -2.0191604007857973, 3.7224680009426545], "rotation": [[-0.8338549663026091, 0.3834618754066507, -0.3970426743841117], [-0.13008144893095028, 0.5625290006904071, 0.8164802141058143], [0.5364370529861804, 0.7324739677912562, -0.41918632455226296]], "fy": 1583.6101290325148, "fx": 1582.6030589608586}, {"id": 91, "img_name": "73", "width": 1900, "height": 1426, "position": [1.586160096645305, -1.7832721317305298, 4.096720871932495], "rotation": [[-0.910977088065014, 0.35930550595282723, -0.20253468446804548], [0.014551305980315546, 0.5187360158929225, 0.8548106254076425], [0.4122001995570297, 0.7757657502155666, -0.4777849895901132]], "fy": 1583.6101290325148, "fx": 1582.6030589608586}, {"id": 92, "img_name": "74", "width": 1900, "height": 1426, "position": [-0.5708793751415995, -1.0159575581751716, 3.872650930082056], "rotation": [[-0.9583694984189085, 0.19345534195284939, 0.21000698838418622], [0.2814328332878994, 0.5158393197388182, 0.8091386510104054], [0.048202332389988736, 0.8345566648714151, -0.548809355123312]], "fy": 1583.6101290325148, "fx": 1582.6030589608586}, {"id": 93, "img_name": "75", "width": 1900, "height": 1426, "position": [-2.6723543547630877, -0.20899461685592455, 3.2448623752949994], "rotation": [[-0.6100673985103847, 0.029100831638386733, 0.7918149473663185], [0.672142970070948, 0.548179978793227, 0.49771732804319935], [-0.4195731128885359, 0.8358539659822232, -0.35398665298682186]], "fy": 1583.6101290325148, "fx": 1582.6030589608586}, {"id": 94, "img_name": "76", "width": 1900, "height": 1426, "position": [-3.1394772250363534, 1.0311507853369932, 1.7371736194046283], "rotation": [[-0.11721776248896025, -0.18217606501558883, 0.9762540025487819], [0.7504709631478932, 0.6275776559580549, 0.20721877138441533], [-0.6504254989074114, 0.7569400022971631, 0.06315459835527251]], "fy": 1583.6101290325148, "fx": 1582.6030589608586}, {"id": 95, "img_name": "77", "width": 1900, "height": 1426, "position": [-2.7342149647293095, 2.3541384670295478, 0.01636275735197803], "rotation": [[0.42663889093006846, -0.1934834605163779, 0.8834836768455703], [0.6876331612848199, 0.7039259268192807, -0.17790144758562718], [-0.5874860783434837, 0.6834123499456417, 0.4333678203263021]], "fy": 1583.6101290325148, "fx": 1582.6030589608586}, {"id": 96, "img_name": "78", "width": 1900, "height": 1426, "position": [-1.2486793342807452, 3.294276304902262, -1.413290940388581], "rotation": [[0.8832707321708848, -0.1988846440670625, 0.42459122935433663], [0.39052935220376944, 0.8132018726429785, -0.43149685908156654], [-0.2594602835842381, 0.5469438844015635, 0.7959477046628853]], "fy": 1583.6101290325148, "fx": 1582.6030589608586}, {"id": 97, "img_name": "79", "width": 1900, "height": 1426, "position": [0.9956154876345071, 3.5236738343488048, -1.7422745255962435], "rotation": [[0.9560073479929716, -0.053587029075550144, -0.2884066242274987], [-0.0824986913009813, 0.8943752259274936, -0.4396440846648232], [0.28150296005028247, 0.44409614450251744, 0.8506084280801175]], "fy": 1583.6101290325148, "fx": 1582.6030589608586}, {"id": 98, "img_name": "8", "width": 1900, "height": 1426, "position": [2.9760495616925, -1.1627286740471339, 0.562698450498867], "rotation": [[-0.14384624631001663, 0.658653646365556, -0.7385686369944734], [-0.5051441185194026, 0.5929028173585317, 0.6271328955600808], [0.8509627941031107, 0.4632943160644997, 0.24742817089926125]], "fy": 1583.6101290325148, "fx": 1582.6030589608586}, {"id": 99, "img_name": "80", "width": 1900, "height": 1426, "position": [1.9938219909029862, 3.30206972384319, -1.484829008937332], "rotation": [[0.7572037492490703, 0.005484722629048768, -0.6531557241124305], [-0.30082855827446525, 0.8905251884127772, -0.3412727169418832], [0.5797798380848178, 0.4549008755982674, 0.6759589726679215]], "fy": 1583.6101290325148, "fx": 1582.6030589608586}, {"id": 100, "img_name": "83", "width": 1900, "height": 1426, "position": [1.9598749204617403, -0.525791518245348, 3.4433110607749233], "rotation": [[-0.875225636897744, 0.21401923569199663, -0.43379240573199507], [-0.14239193863231353, 0.7430642875801918, 0.6538960164548132], [0.462281970586643, 0.6340750990827155, -0.6198743004785524]], "fy": 1583.6101290325148, "fx": 1582.6030589608586}, {"id": 101, "img_name": "84", "width": 1900, "height": 1426, "position": [2.7851306263415934, -1.4186133938205503, 4.09562113708904], "rotation": [[-0.7759490301929253, 0.4417178976389675, -0.45032033203939326], [-0.1928379905076549, 0.5136065866563035, 0.83607522601751