{"frames":[{"depth_path":"images/0.depth.png","timestamp":16219.261195416,"transform_matrix":[[-0.90436405,-0.39594424,0.15922908,0.63916034],[-0.09947193,0.55840486,0.8235831,0.086137444],[-0.41500735,0.7289801,-0.5443867,-1.3055753],[0,0,0,0.99999994]],"w":1920,"fl_y":1594.7247,"fl_x":1594.7247,"cy":715.69507,"file_path":"images/0","cx":950.26636,"h":1440},{"w":1920,"cx":950.2187,"fl_y":1594.7247,"depth_path":"images/1.depth.png","h":1440,"fl_x":1594.7247,"file_path":"images/1","transform_matrix":[[0.14154334,0.8267543,-0.54446566,-0.037280362],[-0.11494181,0.5600085,0.8204747,0.09763827],[0.98323655,-0.053550858,0.17429414,-0.8000333],[0,0,0,0.9999999]],"timestamp":16222.345044583,"cy":715.69684},{"timestamp":16224.378718041,"depth_path":"images/2.depth.png","transform_matrix":[[0.9510733,0.29236564,-0.09991058,0.31625006],[-0.09360007,0.58081913,0.80863345,0.09717368],[0.29444662,-0.759718,0.579767,-0.34061262],[0,0,0,0.9999999]],"fl_y":1594.7247,"cx":950.2725,"file_path":"images/2","fl_x":1594.7247,"cy":715.6711,"w":1920,"h":1440},{"file_path":"images/3","timestamp":16226.4457305,"cx":950.40643,"fl_x":1595.6285,"w":1920,"h":1440,"cy":715.6252,"fl_y":1595.6285,"transform_matrix":[[0.91455984,0.33936712,-0.22002365,0.15825894],[-0.0412729,0.61947566,0.78393006,0.13659672],[0.40233943,-0.7078699,0.5805542,-0.34424],[0,0,0,0.9999999]],"depth_path":"images/3.depth.png"},{"fl_x":1595.6285,"w":1920,"h":1440,"transform_matrix":[[-0.0009903293,0.80516315,-0.59305274,0.0152486935],[-0.027052632,0.5928144,0.8048848,0.11513937],[0.9996336,0.016840741,0.02119471,-0.9337688],[0,0,0,0.99999994]],"timestamp":16228.479403791,"depth_path":"images/4.depth.png","file_path":"images/4","cx":950.4528,"fl_y":1595.6285,"cy":715.6682},{"fl_y":1595.6285,"file_path":"images/5","transform_matrix":[[-0.95538765,0.18381734,-0.23118351,0.19372472],[-0.06408358,0.6350745,0.76978827,0.11010801],[0.28831917,0.7502611,-0.5949626,-1.4228535],[0,0,0,0.99999994]],"depth_path":"images/5.depth.png","timestamp":16230.529746666,"fl_x":1595.6285,"cy":715.6029,"w":1920,"h":1440,"cx":950.3923},{"w":1920,"depth_path":"images/6.depth.png","cx":950.354,"h":1440,"transform_matrix":[[-0.878083,-0.42246342,0.22471139,0.56513655],[-0.07123602,0.57978505,0.81164944,0.14475586],[-0.47317648,0.69668794,-0.539194,-1.326992],[0,0,0,0.99999994]],"fl_x":1611.8971,"cy":715.666,"fl_y":1611.8971,"file_path":"images/6","timestamp":16233.580256208},{"transform_matrix":[[-0.43594542,-0.79680955,0.4183854,0.7079466],[-0.07333435,0.49479163,0.865912,0.14615227],[-0.8969804,0.34680828,-0.27413565,-1.1056066],[0,0,0,0.99999994]],"file_path":"images/7","fl_y":1598.34,"timestamp":16236.614096166,"fl_x":1598.34,"depth_path":"images/7.depth.png","cx":950.31116,"cy":715.77826,"w":1920,"h":1440},{"timestamp":16239.664605416,"transform_matrix":[[-0.62972224,-0.64770657,0.42886645,0.8628646],[-0.14040348,0.6378863,0.75722396,0.15548313],[-0.7640268,0.4166263,-0.49263135,-1.4037377],[0,0,0,0.99999994]],"depth_path":"images/8.depth.png","cy":715.57275,"file_path":"images/8","fl_x":1598.34,"w":1920,"cx":950.1751,"h":1440,"fl_y":1598.34},{"transform_matrix":[[-0.97807604,-0.020887528,-0.20719841,0.07268147],[-0.17193449,0.6423742,0.7468561,0.13531482],[0.117498934,0.7661066,-0.6318821,-1.5745877],[0,0,0,0.99999994]],"depth_path":"images/9.depth.png","file_path":"images/9","cx":950.1251,"timestamp":16242.715114541,"fl_y":1598.7919,"fl_x":1598.7919,"w":1920,"h":1440,"cy":715.5651},{"timestamp":16245.7656235,"fl_x":1598.7919,"cx":950.1121,"transform_matrix":[[-0.5015363,0.5926899,-0.63022226,-0.30436164],[-0.17324299,0.6449061,0.7443675,0.13443598],[0.8476133,0.48250896,-0.22076449,-1.0663937],[0,0,0,0.99999994]],"file_path":"images/10","depth_path":"images/10.depth.png","cy":715.5688,"fl_y":1598.7919,"w":1920,"h":1440},{"file_path":"images/11","w":1920,"transform_matrix":[[-0.6683094,0.50277156,-0.5482548,-0.20862755],[-0.16465552,0.6187551,0.7681345,0.13861443],[0.72543174,0.60362464,-0.3307358,-1.2572646],[0,0,0,0.99999994]],"fl_y":1598.7919,"cy":715.6047,"fl_x":1598.7919,"h":1440,"depth_path":"images/11.depth.png","timestamp":16248.81613225,"cx":950.1278},{"file_path":"images/12","depth_path":"images/12.depth.png","cy":715.6406,"transform_matrix":[[0.2514162,0.7919488,-0.5564235,-0.2282575],[-0.1435859,0.59904647,0.7877351,0.11174684],[0.95716935,-0.118154794,0.2643227,-0.5515661],[0,0,0,0.99999994]],"cx":950.168,"timestamp":16251.849971708,"h":1440,"w":1920,"fl_y":1594.7247,"fl_x":1594.7247},{"file_path":"images/13","fl_x":1606.0223,"transform_matrix":[[0.91224724,0.3418119,-0.2257651,0.13176925],[-0.10094661,0.7217136,0.68479156,0.15801907],[0.3970076,-0.6019089,0.69288594,0.040109023],[0,0,0,0.99999994]],"cx":950.3212,"depth_path":"images/13.depth.png","w":1920,"h":1440,"cy":715.48,"fl_y":1606.0223,"timestamp":16254.900480291},{"timestamp":16257.967658458,"fl_x":1593.369,"cx":950.2659,"w":1920,"cy":715.4441,"fl_y":1593.369,"depth_path":"images/14.depth.png","transform_matrix":[[0.723555,0.52293867,-0.45055917,-0.2619698],[-0.12812117,0.7431336,0.65676296,0.23233572],[0.6782723,-0.41747794,0.6046975,-0.01748766],[0,0,0,1]],"file_path":"images/14","h":1440},{"transform_matrix":[[0.978693,0.063071296,0.195403,0.50823313],[-0.18287766,0.7004542,0.68986946,0.17726488],[-0.09335986,-0.7109052,0.69706386,0.1302066],[0,0,0,0.99999994]],"timestamp":16261.034836333,"fl_y":1593.369,"depth_path":"images/15.depth.png","fl_x":1593.369,"cx":950.11255,"cy":715.50116,"w":1920,"file_path":"images/15","h":1440},{"w":1920,"cx":950.2223,"timestamp":16264.068675333,"depth_path":"images/16.depth.png","transform_matrix":[[0.93357843,-0.15851519,0.3214099,0.76903915],[-0.13170153,0.6823452,0.7190687,0.17005834],[-0.3332958,-0.7136372,0.6161461,-0.080620244],[0,0,0,0.99999994]],"cy":715.5266,"fl_x":1593.369,"file_path":"images/16","h":1440,"fl_y":1593.369},{"fl_x":1592.9171,"cy":715.56116,"fl_y":1592.9171,"h":1440,"depth_path":"images/17.depth.png","cx":950.383,"transform_matrix":[[0.8919853,-0.29832372,0.33965462,0.85628307],[-0.06466359,0.6594163,0.7489918,0.28027228],[-0.4474159,-0.6900529,0.56889904,-0.13682155],[0,0,0,0.99999994]],"w":1920,"timestamp":16267.119183791,"file_path":"images/17"},{"depth_path":"images/18.depth.png","w":1920,"transform_matrix":[[0.91549146,0.2947434,-0.27386442,0.12791248],[-0.03735371,0.7400095,0.6715584,0.2096056],[0.40059966,-0.6045761,0.6884822,0.039506055],[0,0,0,0.99999994]],"file_path":"images/18","timestamp":16270.153022583,"cy":715.4559,"h":1440,"cx":950.48206,"fl_y":1593.369,"fl_x":1593.369},{"file_path":"images/19","cy":715.53876,"w":1920,"h":1440,"fl_y":1571.6776,"transform_matrix":[[0.5971386,0.6491019,-0.47126657,-0.092212595],[-0.14419566,0.66480666,0.73296636,0.17742996],[0.7890712,-0.3697279,0.49057943,-0.21931379],[0,0,0,0.99999994]],"cx":950.1878,"fl_x":1571.6776,"timestamp":16272.203364208,"depth_path":"images/19.depth.png"},{"fl_x":1595.1766,"timestamp":16273.253539291,"depth_path":"images/20.depth.png","cy":715.59314,"file_path":"images/20","w":1920,"fl_y":1595.1766,"cx":950.14197,"transform_matrix":[[0.24378556,0.77670383,-0.5807753,-0.18671097],[-0.15290214,0.6221348,0.76783425,0.16670972],[0.95770025,-0.09838513,0.27042717,-0.5197071],[0,0,0,1]],"h":1440},{"w":1920,"h":1440,"depth_path":"images/21.depth.png","cy":715.63635,"timestamp":16275.303880916,"cx":950.3731,"fl_y":1591.1095,"transform_matrix":[[-0.6325036,0.5977526,-0.4925759,0.0621516],[-0.050078336,0.6030551,0.7961261,0.116900824],[0.7729369,0.52822,-0.35150012,-1.2212533],[0,0,0,0.99999994]],"fl_x":1591.1095,"file_path":"images/21"},{"fl_y":1591.1095,"file_path":"images/22","cx":950.4344,"transform_matrix":[[-0.9991217,-0.0030293225,-0.041794807,0.5390575],[-0.034830835,0.6145587,0.7881018,0.058410123],[0.023297943,0.78886527,-0.6141245,-1.4434233],[0,0,0,0.99999994]],"timestamp":16277.354222583,"depth_path":"images/22.depth.png","cy":715.6349,"w":1920,"fl_x":1591.1095,"h":1440},{"h":1440,"fl_x":1614.1566,"cy":715.4113,"w":1920,"timestamp":16279.404563958,"depth_path":"images/23.depth.png","transform_matrix":[[-0.92641836,0.15917364,-0.3411933,0.15557468],[-0.10071248,0.7684379,0.63194954,-0.1669798],[0.36277553,0.619812,-0.69586426,-1.6962703],[0,0,0,0.99999994]],"file_path":"images/23","cx":950.3465,"fl_y":1614.1566},{"depth_path":"images/24.depth.png","fl_x":1613.7047,"cx":950.1037,"timestamp":16281.454905416,"fl_y":1613.7047,"transform_matrix":[[-0.5405425,0.46774027,-0.69930905,-0.16994622],[-0.19413261,0.73943144,0.64463454,-0.2298658],[0.8186125,0.484211,-0.30889046,-1.1489904],[0,0,0,0.99999994]],"file_path":"images/24","cy":715.4332,"w":1920,"h":1440},{"timestamp":16283.521916125,"cy":715.3781,"transform_matrix":[[0.120072626,0.62124217,-0.7743648,-0.334738],[-0.19792745,0.779329,0.5945342,-0.19694413],[0.97283477,0.08188076,0.21653694,-0.58641154],[0,0,0,0.99999994]],"fl_x":1614.1566,"fl_y":1614.1566,"cx":950.11884,"h":1440,"w":1920,"file_path":"images/25","depth_path":"images/25.depth.png"},{"h":1440,"depth_path":"images/26.depth.png","timestamp":16286.555754291,"w":1920,"file_path":"images/26","transform_matrix":[[0.95810026,0.26678225,-0.104265936,0.28076255],[-0.1531032,0.7846347,0.6007562,-0.20458075],[0.24208175,-0.5596212,0.79260385,-0.049487323],[0,0,0,1]],"cy":715.3811,"fl_x":1614.1566,"fl_y":1614.1566,"cx":950.2351},{"fl_x":1596.0804,"cy":715.304,"timestamp":16289.589592083,"w":1920,"fl_y":1596.0804,"transform_matrix":[[0.78622186,0.39675075,-0.4737553,-0.17840484],[-0.10943592,0.8439423,0.52515256,-0.12268143],[0.6081768,-0.36104056,0.70694464,-0.08428585],[0,0,0,0.9999999]],"file_path":"images/27","cx":950.3672,"h":1440,"depth_path":"images/27.depth.png"},{"cy":715.31226,"file_path":"images/28","fl_x":1595.1766,"transform_matrix":[[0.6860744,0.43453813,-0.58350545,-0.3454399],[-0.07181769,0.83856815,0.54004216,-0.05933943],[0.72397804,-0.32860306,0.6065277,-0.09571361],[0,0,0,0.9999999]],"cx":950.4627,"timestamp":16290.63976675,"depth_path":"images/28.depth.png","fl_y":1595.1766,"w":1920,"h":1440},{"cy":715.55133,"cx":950.4089,"fl_x":1572.1295,"fl_y":1572.1295,"transform_matrix":[[0.99601597,-0.0052358597,0.089022785,0.55979216],[-0.062751636,0.66814226,0.74138266,0.0954639],[-0.063361645,-0.7440152,0.66515183,-0.10779479],[0,0,0,0.99999994]],"w":1920,"h":1440,"timestamp":16293.690273916,"file_path":"images/29","depth_path":"images/29.depth.png"},{"timestamp":16295.757284208,"fl_x":1601.5033,"cx":950.50494,"w":1920,"transform_matrix":[[0.8375678,-0.4177018,0.35214394,0.8560211],[-0.01608852,0.6254214,0.7801212,0.19231124],[-0.54609644,-0.6590699,0.51711273,-0.30043226],[0,0,0,0.9999998]],"cy":715.61523,"depth_path":"images/30.depth.png","h":1440,"file_path":"images/30","fl_y":1601.5033},{"fl_x":1594.2728,"transform_matrix":[[0.59265196,-0.49854612,0.6326258,1.058827],[-0.19335532,0.6743973,0.71260226,0.08761617],[-0.7819063,-0.5446467,0.3032863,-0.5201202],[0,0,0,0.9999999]],"h":1440,"fl_y":1594.2728,"depth_path":"images/31.depth.png","w":1920,"cx":950.0668,"timestamp":16298.807791041,"cy":715.5223,"file_path":"images/31"},{"cy":715.57874,"fl_x":1601.0514,"w":1920,"h":1440,"timestamp":16301.841628625,"cx":950.40625,"depth_path":"images/32.depth.png","file_path":"images/32","fl_y":1601.0514,"transform_matrix":[[0.8167477,-0.41103542,0.4049363,0.78564894],[-0.05334064,0.6450091,0.7623111,-0.14082278],[-0.57452434,-0.6442153,0.50488484,-0.28883162],[0,0,0,1]]},{"w":1920,"depth_path":"images/33.depth.png","timestamp":16304.908805083,"fl_x":1601.0514,"cy":715.6265,"transform_matrix":[[0.945083,0.24857315,-0.21220213,0.21511912],[0.013849047,0.61823124,0.78587437,-0.0968613],[0.32653722,-0.7456552,0.5808373,-0.27316123],[0,0,0,0.99999994]],"fl_y":1601.0514,"file_path":"images/33","cx":950.5579,"h":1440},{"cy":715.6852,"transform_matrix":[[0.37968612,0.76974803,-0.51315355,-0.070094176],[-0.054283246,0.5722729,0.8182646,-0.08663988],[0.9235214,-0.2828281,0.25906852,-0.61388075],[0,0,0,0.99999994]],"fl_y":1601.0514,"fl_x":1601.0514,"w":1920,"depth_path":"images/34.depth.png","timestamp":16306.959145875,"cx":950.3695,"h":1440,"file_path":"images/34"},{"transform_matrix":[[-0.6181989,0.62308407,-0.47916222,0.10450925],[-0.02941708,0.5908368,0.80625457,-0.08113825],[0.78547114,0.5125212,-0.3469254,-1.2305706],[0,0,0,0.99999994]],"depth_path":"images/35.depth.png","fl_y":1610.0895,"timestamp":16309.026156125,"file_path":"images/35","fl_x":1610.0895,"cx":950.4447,"cy":715.66693,"w":1920,"h":1440},{"w":1920,"h":1440,"depth_path":"images/36.depth.png","timestamp":16311.059827541,"cx":950.3309,"fl_y":1603.3109,"fl_x":1603.3109,"cy":715.61194,"file_path":"images/36","transform_matrix":[[-0.97271895,-0.22055386,0.07193118,0.54932743],[-0.084346205,0.62507725,0.7759925,-0.092162594],[-0.21611066,0.7487554,-0.6266274,-1.2855761],[0,0,0,0.99999994]]},{"fl_x":1601.5033,"transform_matrix":[[-0.42292786,-0.79365784,0.43730912,0.8249339],[-0.043112792,0.49967113,0.86514163,-0.07446542],[-0.9051372,0.34703892,-0.2455417,-0.9753483],[0,0,0,0.99999994]],"fl_y":1601.5033,"cx":950.3939,"w":1920,"h":1440,"timestamp":16314.1103345,"depth_path":"images/37.depth.png","cy":715.7794,"file_path":"images/37"},{"fl_y":1602.4071,"depth_path":"images/38.depth.png","cy":715.52344,"h":1440,"fl_x":1602.4071,"transform_matrix":[[-0.77288,-0.50230014,0.3877515,0.8094335],[-0.07939231,0.68280673,0.7262725,-0.2724313],[-0.62956625,0.53053695,-0.56760645,-1.3385202],[0,0,0,0.99999994]],"file_path":"images/38","w":1920,"cx":950.35486,"timestamp":16317.160841458},{"fl_y":1601.0514,"fl_x":1601.0514,"w":1920,"cy":715.5457,"depth_path":"images/39.depth.png","transform_matrix":[[-0.9572207,0.11412028,-0.2659044,0.1873295],[-0.12609223,0.66259587,0.73828685,-0.25962764],[0.26044068,0.7402319,-0.6198608,-1.3728237],[0,0,0,0.99999994]],"file_path":"images/39","timestamp":16320.19467875,"cx":950.2472,"h":1440},{"fl_y":1600.5995,"transform_matrix":[[-0.30966944,0.6355469,-0.7072376,-0.16844904],[-0.15713684,0.69936603,0.69727695,-0.22905394],[0.9377702,0.32705843,-0.11670449,-0.9277716],[0,0,0,0.99999994]],"cx":950.1831,"cy":715.4986,"depth_path":"images/40.depth.png","h":1440,"timestamp":16322.261688708,"file_path":"images/40","fl_x":1600.5995,"w":1920},{"fl_y":1601.0514,"transform_matrix":[[0.71500695,0.54548913,-0.43727204,-0.035944335],[-0.15454693,0.7333156,0.6620903,-0.2123087],[0.6818215,-0.40582004,0.6086294,-0.33447903],[0,0,0,0.99999994]],"timestamp":16324.312029333,"depth_path":"images/41.depth.png","fl_x":1601.0514,"file_path":"images/41","w":1920,"cy":715.45715,"h":1440,"cx":950.1871},{"h":1440,"file_path":"images/42","depth_path":"images/42.depth.png","fl_x":1601.0514,"w":1920,"timestamp":16326.379039291,"fl_y":1601.0514,"cx":950.2094,"transform_matrix":[[0.99104744,0.0630554,0.11768243,0.5524397],[-0.12998247,0.6569917,0.7426079,-0.22831653],[-0.030490948,-0.7512563,0.6593061,-0.30545864],[0,0,0,0.9999999]],"cy":715.5614},{"fl_x":1600.5995,"fl_y":1600.5995,"timestamp":16328.429379666,"cy":715.6725,"w":1920,"transform_matrix":[[0.5536253,-0.63071936,0.54377604,0.88152343],[-0.14194134,0.5719523,0.807913,-0.21937881],[-0.82058036,-0.52446526,0.22712205,-0.58438456],[0,0,0,1]],"h":1440,"depth_path":"images/43.depth.png","file_path":"images/43","cx":950.147},{"file_path":"images/44","cy":715.77014,"w":1920,"h":1440,"timestamp":16330.47972,"fl_y":1600.5995,"transform_matrix":[[0.047213767,-0.86298054,0.50302625,0.8644535],[-0.10908437,0.4961214,0.86137336,-0.29826957],[-0.9929106,-0.095540985,-0.070713945,-0.8208913],[0,0,0,0.9999999]],"fl_x":1600.5995,"cx":950.2017,"depth_path":"images/44.depth.png"},{"timestamp":16332.513390833,"cy":715.4657,"fl_y":1601.0514,"cx":950.0234,"depth_path":"images/45.depth.png","transform_matrix":[[0.020007418,-0.68233275,0.73076797,0.9363932],[-0.21539493,0.7108088,0.6695938,-0.37156466],[-0.97632205,-0.17080058,-0.13274957,-0.975205],[0,0,0,0.99999994]],"fl_x":1601.0514,"w":1920,"h":1440,"file_path":"images/45"},{"depth_path":"images/46.depth.png","cx":950.2588,"cy":715.574,"transform_matrix":[[0.9743327,-0.08653424,0.20781668,0.5771137],[-0.10221444,0.65245295,0.7509043,-0.22093473],[-0.20056954,-0.75287247,0.6268612,-0.41774112],[0,0,0,0.99999994]],"fl_y":1604.6666,"h":1440,"file_path":"images/46","w":1920,"timestamp":16335.563897041,"fl_x":1604.6666},{"file_path":"images/47","h":1440,"cy":715.4199,"fl_x":1601.5033,"w":1920,"fl_y":1601.5033,"transform_matrix":[[0.7856539,0.46285382,-0.410505,-0.027013186],[-0.121233605,0.7658497,0.63148767,-0.31890428],[0.60667163,-0.44636375,0.6578063,-0.17288373],[0,0,0,0.9999999]],"depth_path":"images/47.depth.png","timestamp":16337.614237458,"cx":950.2881},{"fl_y":1587.0424,"depth_path":"images/48.depth.png","cy":715.40106,"timestamp":16338.664411708,"transform_matrix":[[0.680813,0.51110816,-0.52465445,-0.21245545],[-0.10731094,0.77816594,0.6188231,-0.3882894],[0.72455376,-0.36500168,0.58463305,-0.12719949],[0,0,0,0.99999994]],"file_path":"images/48","w":1920,"cx":950.3258,"h":1440,"fl_x":1587.0424},{"fl_x":1598.7919,"transform_matrix":[[-0.22596028,0.7431221,-0.6298506,-0.13034149],[-0.024050433,0.64212036,0.76622665,-0.40873992],[0.9738397,0.18828495,-0.12722129,-0.98812634],[0,0,0,1]],"fl_y":1598.7919,"h":1440,"cy":715.5936,"w":1920,"cx":950.4839,"depth_path":"images/49.depth.png","file_path":"images/49","timestamp":16341.7315875},{"fl_y":1588.3981,"w":1920,"transform_matrix":[[-0.99463224,-0.04529032,-0.09303627,0.38921106],[-0.09676861,0.72554624,0.6813359,-0.43888402],[0.036644194,0.6866816,-0.72603434,-1.4465262],[0,0,0,0.99999994]],"timestamp":16344.782093666,"depth_path":"images/50.depth.png","fl_x":1588.3981,"cy":715.468,"h":1440,"cx":950.3315,"file_path":"images/50"},{"depth_path":"images/51.depth.png","fl_x":1599.6957,"timestamp":16347.8159305,"transform_matrix":[[-0.9714707,0.098087005,-0.2159253,0.18482298],[-0.08045304,0.7201722,0.68911487,-0.43916398],[0.22309658,0.68682665,-0.6917349,-1.5452658],[0,0,0,0.99999994]],"file_path":"images/51","h":1440,"fl_y":1599.6957,"w":1920,"cy":715.4754,"cx":950.3843},{"fl_y":1598.7919,"transform_matrix":[[-0.7017706,-0.6085483,0.37038767,0.76974857],[-0.12320776,0.61575425,0.7782458,-0.43141976],[-0.7016679,0.5005153,-0.5070962,-1.2799348],[0,0,0,0.99999994]],"cx":950.21844,"cy":715.6089,"w":1920,"timestamp":16350.84976725,"file_path":"images/52","h":1440,"depth_path":"images/52.depth.png","fl_x":1598.7919},{"timestamp":16353.900273291,"cy":715.5326,"fl_x":1598.7919,"transform_matrix":[[-0.34421244,-0.726113,0.5952124,0.9388848],[-0.15067443,0.66845614,0.7283294,-0.4760868],[-0.92672276,0.16101679,-0.33949763,-1.2132256],[0,0,0,0.99999994]],"w":1920,"depth_path":"images/53.depth.png","h":1440,"file_path":"images/53","cx":950.1702,"fl_y":1598.7919},{"depth_path":"images/54.depth.png","transform_matrix":[[-0.5704218,-0.7035389,0.42385408,0.8914439],[-0.14560667,0.59448844,0.7908112,-0.13761745],[-0.8083427,0.3893799,-0.4415491,-1.2304686],[0,0,0,0.99999994]],"cy":715.6349,"h":1440,"w":1920,"file_path":"images/54","fl_x":1599.2438,"fl_y":1599.2438,"cx":950.1544,"timestamp":16356.950779125},{"timestamp":16359.984615666,"depth_path":"images/55.depth.png","cy":715.6383,"fl_y":1599.2438,"fl_x":1599.2438,"cx":950.2085,"file_path":"images/55","w":1920,"h":1440,"transform_matrix":[[-0.40636614,0.6953992,-0.59269416,0.0017383695],[-0.12720433,0.59929436,0.79035765,0.0013017692],[0.9048126,0.39656785,-0.15507515,-1.0164499],[0,0,0,0.99999994]]},{"transform_matrix":[[0.5007625,0.75671715,-0.42025736,0.04085625],[-0.18008502,0.56597453,0.8045138,-0.008154066],[0.8466443,-0.3271883,0.41969225,-0.5326091],[0,0,0,0.99999994]],"file_path":"images/56","fl_x":1598.7919,"fl_y":1598.7919,"cx":950.0549,"cy":715.67914,"w":1920,"timestamp":16361.05145925,"h":1440,"depth_path":"images/56.depth.png"},{"timestamp":16362.084964208,"cx":950.06976,"cy":715.70404,"depth_path":"images/57.depth.png","h":1440,"fl_y":1598.7919,"file_path":"images/57","w":1920,"transform_matrix":[[0.9738376,0.2213066,0.051613715,0.40197533],[-0.16832507,0.5498996,0.81809366,-0.020830758],[0.15266718,-0.80537814,0.5727644,-0.27271467],[0,0,0,0.99999994]],"fl_x":1598.7919},{"fl_x":1598.34,"cx":949.99023,"h":1440,"transform_matrix":[[0.9113651,-0.19853254,0.36055312,0.82099795],[-0.19848679,0.5554112,0.8075402,-0.052607294],[-0.3605783,-0.80752903,0.46677643,-0.37362146],[0,0,0,0.99999994]],"timestamp":16363.135138541,"fl_y":1598.34,"depth_path":"images/58.depth.png","w":1920,"file_path":"images/58","cy":715.6906},{"fl_y":1598.7919,"timestamp":16365.16880925,"cy":715.6899,"w":1920,"cx":950.23926,"fl_x":1598.7919,"h":1440,"depth_path":"images/59.depth.png","file_path":"images/59","transform_matrix":[[0.90653545,-0.28620815,0.31028804,0.69234204],[-0.10221995,0.56434005,0.8191896,-0.2366519],[-0.4095667,-0.7743419,0.4823381,-0.3197419],[0,0,0,0.99999994]]},{"w":1920,"fl_x":1599.2438,"cx":950.1823,"fl_y":1599.2438,"transform_matrix":[[0.9449613,0.30273488,-0.12409659,0.18994948],[-0.15757369,0.75349855,0.63828725,-0.33387095],[0.2867384,-0.58360237,0.75973,0.18707252],[0,0,0,0.99999994]],"depth_path":"images/60.depth.png","h":1440,"file_path":"images/60","timestamp":16367.219149208,"cy":715.42633},{"timestamp":16369.269489125,"cx":950.4916,"fl_y":1596.5323,"w":1920,"depth_path":"images/61.depth.png","transform_matrix":[[0.7030444,0.5320278,-0.47188434,-0.1745451],[-0.023018755,0.6802319,0.7326352,0.08417138],[0.7107732,-0.504213,0.49047995,-0.29548725],[0,0,0,0.9999999]],"file_path":"images/61","fl_x":1596.5323,"h":1440,"cy":715.542},{"h":1440,"depth_path":"images/62.depth.png","transform_matrix":[[-0.3915645,0.77812916,-0.49111342,0.05070445],[-0.054101497,0.513339,0.85647887,0.13450806],[0.9185589,0.36193666,-0.15890735,-1.1072704],[0,0,0,0.99999994]],"fl_x":1596.5323,"cx":950.3625,"timestamp":16371.319829,"cy":715.76416,"file_path":"images/62","fl_y":1596.5323,"w":1920},{"fl_x":1596.5323,"depth_path":"images/63.depth.png","transform_matrix":[[-0.99934685,-0.010081451,0.034702554,0.45357388],[0.022138203,0.58820933,0.8084056,0.052410632],[-0.028562265,0.80864584,-0.587602,-1.5114826],[0,0,0,0.9999999]],"file_path":"images/63","timestamp":16373.353499375,"cy":715.67126,"w":1920,"h":1440,"cx":950.589,"fl_y":1596.5323},{"cy":715.60754,"file_path":"images/64","fl_y":1596.9843,"cx":950.4559,"timestamp":16375.420508958,"fl_x":1596.9843,"h":1440,"w":1920,"transform_matrix":[[-0.9977963,-0.06619772,0.0045006666,0.5259302],[-0.038212907,0.6287845,0.77664,0.34001222],[-0.054241784,0.77475655,-0.62992847,-1.6203896],[0,0,0,0.9999998]],"depth_path":"images/64.depth.png"},{"cx":950.3825,"depth_path":"images/65.depth.png","fl_x":1596.5323,"h":1440,"file_path":"images/65","cy":715.7081,"fl_y":1596.5323,"transform_matrix":[[0.072782256,0.8279435,-0.5560686,-0.068504885],[-0.05633988,0.56007004,0.82652724,0.29752433],[0.9957553,-0.028827703,0.08740941,-0.62048787],[0,0,0,0.9999999]],"timestamp":16378.471014416,"w":1920},{"h":1440,"timestamp":16379.521188791,"file_path":"images/66","w":1920,"depth_path":"images/66.depth.png","cx":950.3754,"fl_x":1596.5323,"cy":715.6572,"fl_y":1596.5323,"transform_matrix":[[0.78235424,0.5235658,-0.3373439,0.073009394],[-0.05609299,0.598656,0.7990399,0.2887452],[0.62030286,-0.6062095,0.49772936,-0.26985556],[0,0,0,0.99999994]]},{"file_path":"images/67","cy":715.5079,"transform_matrix":[[0.9286004,0.32947364,-0.1707301,0.31498078],[-0.11983076,0.70168185,0.7023413,-0.120683],[0.35120115,-0.6317356,0.69106305,0.14478521],[0,0,0,0.99999994]],"fl_y":1608.2819,"timestamp":16381.554859375,"w":1920,"depth_path":"images/67.depth.png","fl_x":1608.2819,"cx":950.24695,"h":1440},{"transform_matrix":[[0.8800949,0.3653653,-0.30321854,-0.07376999],[-0.06807573,0.72913057,0.68098056,-0.10756126],[0.46989253,-0.57868564,0.66657656,0.14787571],[0,0,0,1]],"h":1440,"file_path":"images/68","cy":715.4705,"fl_y":1604.6666,"timestamp":16382.6383725,"fl_x":1604.6666,"depth_path":"images/68.depth.png","cx":950.3844,"w":1920},{"depth_path":"images/69.depth.png","timestamp":16383.688546833,"fl_y":1592.9171,"cx":950.3345,"w":1920,"h":1440,"file_path":"images/69","cy":715.5461,"fl_x":1592.9171,"transform_matrix":[[0.5508694,0.64519966,-0.5293964,-0.29295215],[-0.08035062,0.6723714,0.7358401,-0.12173533],[0.8307147,-0.36281446,0.422231,-0.3106193],[0,0,0,0.99999994]]},{"depth_path":"images/70.depth.png","fl_y":1597.4362,"cx":950.321,"transform_matrix":[[0.15318535,0.76278263,-0.62824917,-0.19847608],[-0.08288548,0.64343,0.76100445,-0.13528521],[0.9847154,-0.06450202,0.16178769,-0.8146847],[0,0,0,0.99999994]],"timestamp":16384.688712958,"h":1440,"fl_x":1597.4362,"w":1920,"cy":715.5871,"file_path":"images/70"},{"cy":715.57855,"depth_path":"images/71.depth.png","cx":950.2595,"fl_x":1605.5704,"fl_y":1605.5704,"file_path":"images/71","w":1920,"h":1440,"transform_matrix":[[-0.5411654,0.5984295,-0.59078103,0.104412615],[-0.10980505,0.6462418,0.7551917,-0.08590551],[0.8337164,0.47355434,-0.28401312,-1.2197644],[0,0,0,0.99999994]],"timestamp":16385.705548208},{"w":1920,"transform_matrix":[[-0.98742986,0.06161895,-0.145553,0.48203853],[-0.07263768,0.6409679,0.7641231,-0.0973326],[0.14037922,0.7650904,-0.62843496,-1.3340647],[0,0,0,1]],"fl_y":1603.7628,"timestamp":16386.68904475,"file_path":"images/72","cx":950.35657,"fl_x":1603.7628,"cy":715.59033,"h":1440,"depth_path":"images/72.depth.png"},{"fl_x":1599.2438,"cx":950.53723,"cy":715.56647,"w":1920,"depth_path":"images/73.depth.png","h":1440,"file_path":"images/73","timestamp":16387.722549666,"fl_y":1599.2438,"transform_matrix":[[-0.8683665,-0.37426135,0.32537398,0.88963956],[-0.006347109,0.66443115,0.7473225,-0.14010648],[-0.49588254,0.64688456,-0.5793452,-1.2235776],[0,0,0,0.99999994]]},{"cx":950.83685,"depth_path":"images/74.depth.png","timestamp":16388.772723916,"fl_x":1598.7919,"cy":715.6607,"h":1440,"w":1920,"transform_matrix":[[-0.74262166,-0.47398257,0.47313198,1.07],[0.11575655,0.6049936,0.78777117,0.025595324],[-0.65963155,0.639784,-0.39441475,-1.3700644],[0,0,0,1]],"file_path":"images/74","fl_y":1598.7919},{"fl_y":1596.0804,"fl_x":1596.0804,"file_path":"images/75","cx":950.4611,"timestamp":16390.839733125,"depth_path":"images/75.depth.png","w":1920,"transform_matrix":[[-0.66823226,-0.5975561,0.44316182,1.2194345],[-0.030074177,0.6168959,0.7864699,0.16906457],[-0.7433446,0.51221687,-0.43020087,-1.3056757],[0,0,0,0.9999999]],"h":1440,"cy":715.6231},{"fl_y":1596.0804,"depth_path":"images/76.depth.png","file_path":"images/76","timestamp":16393.890238333,"fl_x":1596.0804,"w":1920,"cx":950.77747,"h":1440,"transform_matrix":[[-0.6759277,-0.5568937,0.48269162,1.0545374],[0.097569026,0.5815821,0.8076152,0.061705388],[-0.7304807,0.5929853,-0.33877197,-1.1130986],[0,0,0,0.9999998]],"cy":715.6828},{"cx":950.01746,"file_path":"images/77","fl_x":1596.0804,"w":1920,"fl_y":1596.0804,"transform_matrix":[[-0.67975634,0.5111648,-0.5259677,-0.05365687],[-0.20168085,0.5592087,0.80412096,0.11834154],[0.7051641,0.6526839,-0.27703357,-1.0546144],[0,0,0,0.99999994]],"timestamp":16396.924074125,"cy":715.68164,"h":1440,"depth_path":"images/77.depth.png"},{"fl_y":1596.0804,"w":1920,"h":1440,"transform_matrix":[[0.11457183,0.8416175,-0.52778155,-0.05432915],[-0.19616984,0.53998584,0.81849414,0.09365907],[0.9738535,0.0097584445,0.22696717,-0.53300923],[0,0,0,0.99999994]],"fl_x":1596.0804,"file_path":"images/78","cy":715.7145,"cx":950.0114,"depth_path":"images/78.depth.png","timestamp":16397.974248166},{"h":1440,"fl_y":1596.0804,"file_path":"images/79","fl_x":1596.0804,"depth_path":"images/79.depth.png","cy":715.7079,"transform_matrix":[[0.85505563,0.5005638,-0.13533688,0.23767194],[-0.1900246,0.5453264,0.8164006,0.07038918],[0.4824633,-0.67235047,0.56140375,-0.13063312],[0,0,0,1]],"timestamp":16399.024422208,"w":1920,"cx":950.0155},{"depth_path":"images/80.depth.png","file_path":"images/80","timestamp":16400.074596208,"fl_y":1596.0804,"transform_matrix":[[0.97869724,0.18868919,0.08092083,0.64734006],[-0.17087005,0.53008455,0.83055025,0.022055557],[0.11382099,-0.8266841,0.5510337,-0.15593703],[0,0,0,0.99999994]],"cx":950.055,"cy":715.72766,"h":1440,"fl_x":1596.0804,"w":1920},{"transform_matrix":[[0.9904526,0.10065834,0.09418919,0.7016874],[-0.12921494,0.43981782,0.8887428,-0.0034657253],[0.04803329,-0.8924283,0.4486253,-0.2285801],[0,0,0,0.9999999]],"cy":715.85205,"w":1920,"depth_path":"images/81.depth.png","fl_y":1595.6285,"fl_x":1595.6285,"cx":950.12836,"file_path":"images/81","h":1440,"timestamp":16402.124935791}],"w":0,"cx":320,"h":0,"fl_x":1,"fl_y":1,"depth_integer_scale":1,"cy":240}