{"cy":240,"cx":320,"depth_integer_scale":1,"w":0,"frames":[{"timestamp":118090.366798458,"transform_matrix":[[0.54926986,-0.6098138,0.5713405,0.24318452],[0.0048103635,0.68600786,0.72757846,0.17476486],[-0.83563125,-0.39688852,0.37973687,-0.17395823],[0,0,0,1.0000001]],"w":1920,"depth_path":"images/0.depth.png","file_path":"images/0","cx":950.58594,"cy":715.5307,"fl_y":1594.7247,"fl_x":1594.7247,"h":1440},{"fl_x":1594.7247,"cx":950.542,"depth_path":"images/1.depth.png","transform_matrix":[[0.27202463,-0.6963564,0.66414654,0.31635046],[-0.008438893,0.6884199,0.7252635,0.1985259],[-0.9622534,-0.20289415,0.18139067,-0.30656543],[0,0,0,1]],"cy":715.5242,"fl_y":1594.7247,"w":1920,"file_path":"images/1","timestamp":118093.450651208,"h":1440},{"transform_matrix":[[0.068724126,-0.71975285,0.69082034,0.35800698],[-0.030971793,0.69058436,0.7225883,0.20889246],[-0.9971547,-0.0710552,0.025167778,-0.44961175],[0,0,0,0.99999994]],"cx":950.48016,"w":1920,"h":1440,"cy":715.5174,"file_path":"images/2","fl_x":1594.7247,"depth_path":"images/2.depth.png","timestamp":118096.501164916,"fl_y":1594.7247},{"depth_path":"images/3.depth.png","timestamp":118099.568348,"fl_y":1590.6576,"cy":715.477,"fl_x":1590.6576,"cx":950.5519,"transform_matrix":[[-0.05853845,-0.68994284,0.72149307,0.37908328],[-0.0099976845,0.72310144,0.6906697,0.21813402],[-0.9982351,0.033217445,-0.049227063,-0.58001065],[0,0,0,1]],"w":1920,"h":1440,"file_path":"images/3"},{"w":1920,"h":1440,"depth_path":"images/4.depth.png","transform_matrix":[[-0.25883022,-0.6432242,0.7206038,0.37076843],[-0.002264961,0.7464283,0.6654622,0.22543049],[-0.9659203,0.1706095,-0.19465505,-0.7372776],[0,0,0,1]],"fl_x":1602.4071,"file_path":"images/4","fl_y":1602.4071,"cx":950.5867,"cy":715.44666,"timestamp":118102.602192166},{"depth_path":"images/5.depth.png","cx":950.5611,"file_path":"images/5","timestamp":118105.652705875,"cy":715.4514,"fl_x":1591.1095,"transform_matrix":[[-0.45809472,-0.5999741,0.6558816,0.3305096],[-0.010509442,0.7414586,0.67091656,0.22019324],[-0.8888414,0.30045027,-0.34596354,-0.8896841],[0,0,0,1]],"fl_y":1591.1095,"w":1920,"h":1440},{"transform_matrix":[[-0.64804786,-0.5222757,0.5543122,0.23586334],[-0.016505804,0.7372868,0.67537826,0.21191463],[-0.7614208,0.42852795,-0.4864177,-1.004813],[0,0,0,0.99999994]],"w":1920,"cx":950.544,"file_path":"images/6","cy":715.45703,"fl_x":1591.1095,"h":1440,"timestamp":118108.686549958,"depth_path":"images/6.depth.png","fl_y":1591.1095},{"cy":715.4618,"w":1920,"cx":950.50085,"timestamp":118111.737063625,"transform_matrix":[[-0.70927465,-0.49640194,0.5005144,0.13229246],[-0.030550556,0.7309963,0.68169725,0.21280366],[-0.70426995,0.46821946,-0.5336425,-1.1080971],[0,0,0,0.99999994]],"depth_path":"images/7.depth.png","fl_y":1591.1095,"fl_x":1591.1095,"h":1440,"file_path":"images/7"},{"timestamp":118114.770907666,"cx":950.50653,"fl_x":1591.5614,"depth_path":"images/8.depth.png","cy":715.4744,"w":1920,"h":1440,"fl_y":1591.5614,"file_path":"images/8","transform_matrix":[[-0.8414891,-0.38968405,0.37422276,-0.005203124],[-0.02784503,0.72301376,0.69027245,0.20242348],[-0.53955626,0.57043636,-0.6192589,-1.2190864],[0,0,0,1]]},{"h":1440,"cy":715.44977,"depth_path":"images/9.depth.png","file_path":"images/9","fl_y":1600.1476,"w":1920,"transform_matrix":[[-0.9486888,-0.25632945,0.18516174,-0.22715713],[-0.06770812,0.7366495,0.67287683,0.18330714],[-0.3088774,0.62581366,-0.7162067,-1.3141019],[0,0,0,1]],"fl_x":1600.1476,"timestamp":118117.821421166,"cx":950.4064},{"fl_x":1600.1476,"cx":950.4962,"depth_path":"images/10.depth.png","fl_y":1600.1476,"w":1920,"file_path":"images/10","cy":715.4459,"h":1440,"transform_matrix":[[-0.9710782,-0.18297173,0.15339082,-0.32033616],[-0.034086563,0.74210167,0.66942024,0.17125157],[-0.23631653,0.6448307,-0.7268755,-1.2723069],[0,0,0,1]],"timestamp":118120.905273541},{"w":1920,"transform_matrix":[[-0.97357756,-0.18111108,0.13908814,-0.4317755],[-0.029303946,0.70313376,0.71045357,0.17333448],[-0.22646856,0.68760574,-0.6898625,-1.24725],[0,0,0,1]],"fl_x":1600.1476,"cy":715.50055,"depth_path":"images/11.depth.png","h":1440,"timestamp":118123.939117583,"cx":950.49146,"file_path":"images/11","fl_y":1600.1476},{"cy":715.50714,"w":1920,"h":1440,"fl_x":1600.1476,"timestamp":118126.972961708,"depth_path":"images/12.depth.png","file_path":"images/12","cx":950.44574,"fl_y":1600.1476,"transform_matrix":[[-0.9962794,-0.084451705,0.017177952,-0.53237814],[-0.04649461,0.69453454,0.71795535,0.18444213],[-0.072563246,0.71448547,-0.695877,-1.3581169],[0,0,0,0.9999999]]},{"cx":950.59863,"timestamp":118130.040144583,"fl_x":1592.0132,"depth_path":"images/13.depth.png","h":1440,"cy":715.5745,"fl_y":1592.0132,"w":1920,"file_path":"images/13","transform_matrix":[[-0.9907591,0.11455964,-0.07261385,-0.6692896],[0.020146463,0.6537226,0.7564663,0.23566711],[0.13412979,0.7480127,-0.64998955,-1.2726722],[0,0,0,1]]},{"transform_matrix":[[-0.9596979,0.2291212,-0.16273779,-0.86578345],[0.031009149,0.6618642,0.74898225,0.24399324],[0.27931792,0.7137502,-0.64229447,-1.1807053],[0,0,0,1.0000001]],"depth_path":"images/14.depth.png","fl_y":1592.0132,"file_path":"images/14","h":1440,"cy":715.56335,"w":1920,"timestamp":118133.09065825,"cx":950.63104,"fl_x":1592.0132},{"cy":715.6095,"timestamp":118136.141171708,"depth_path":"images/15.depth.png","w":1920,"fl_y":1593.8209,"h":1440,"cx":950.88464,"fl_x":1593.8209,"file_path":"images/15","transform_matrix":[[-0.84768385,0.469125,-0.24769731,-0.9668283],[0.1294252,0.63568336,0.7610229,0.2539034],[0.5144719,0.61304843,-0.5995751,-1.1043664],[0,0,0,1]]},{"fl_x":1591.1095,"file_path":"images/16","w":1920,"cx":951.00995,"timestamp":118139.191685125,"depth_path":"images/16.depth.png","fl_y":1591.1095,"transform_matrix":[[-0.7066575,0.63208413,-0.31796962,-1.0651127],[0.18223721,0.5968225,0.78140426,0.2684431],[0.6836846,0.4942393,-0.5369384,-0.9941336],[0,0,0,1]],"cy":715.67126,"h":1440},{"fl_y":1606.4742,"h":1440,"transform_matrix":[[-0.44272032,0.79170185,-0.42095953,-1.0987425],[0.2693547,0.56521696,0.7797295,0.3100824],[0.85524666,0.23181462,-0.46348158,-0.82161725],[0,0,0,1]],"fl_x":1606.4742,"w":1920,"file_path":"images/17","timestamp":118142.225529166,"depth_path":"images/17.depth.png","cx":951.24585,"cy":715.7268},{"fl_y":1587.9462,"cy":715.4789,"transform_matrix":[[-0.19002904,0.67959785,-0.7085449,-1.0478834],[0.09608854,0.7311046,0.6754653,0.13696796],[0.977065,0.060274966,-0.20423265,-0.4498571],[0,0,0,1.0000001]],"w":1920,"cx":950.86163,"fl_x":1587.9462,"h":1440,"depth_path":"images/18.depth.png","timestamp":118145.2760425,"file_path":"images/18"},{"cy":715.429,"fl_y":1585.2347,"cx":950.56384,"file_path":"images/19","depth_path":"images/19.depth.png","transform_matrix":[[0.25775144,0.6352102,-0.72806066,-1.5143771],[-0.01774836,0.7565066,0.65374523,0.21527064],[0.96604824,-0.15558186,0.20626456,-0.24033153],[0,0,0,1]],"fl_x":1585.2347,"h":1440,"w":1920,"timestamp":118148.276547333},{"w":1920,"timestamp":118151.32706075,"fl_x":1585.2347,"h":1440,"file_path":"images/20","fl_y":1585.2347,"depth_path":"images/20.depth.png","cx":950.54315,"transform_matrix":[[-0.096527375,0.6494245,-0.7542749,-1.5740203],[-0.022869138,0.75616646,0.65397996,0.23446585],[0.99506766,0.08037656,-0.05813899,-0.52971655],[0,0,0,1.0000001]],"cy":715.42834},{"file_path":"images/21","fl_x":1585.6866,"transform_matrix":[[-0.30756876,0.62829316,-0.71459746,-1.4782131],[-0.11348498,0.72141963,0.6831363,0.25587586],[0.9447342,0.2912074,-0.15058431,-0.7733778],[0,0,0,1]],"cy":715.46466,"cx":950.28564,"w":1920,"h":1440,"depth_path":"images/21.depth.png","timestamp":118154.377573958,"fl_y":1585.6866},{"cx":950.3987,"w":1920,"cy":715.52106,"timestamp":118157.44475675,"file_path":"images/22","fl_x":1585.2347,"h":1440,"depth_path":"images/22.depth.png","transform_matrix":[[-0.44049707,0.63194865,-0.6376546,-1.3590984],[-0.06474751,0.6860647,0.72465384,0.2387852],[0.89541614,0.3604944,-0.2612924,-0.89619184],[0,0,0,1]],"fl_y":1585.2347},{"cy":715.52356,"fl_y":1585.2347,"cx":950.5502,"depth_path":"images/23.depth.png","h":1440,"timestamp":118160.478600333,"file_path":"images/23","transform_matrix":[[0.5943337,0.5824805,-0.5545124,-1.3097548],[-0.0062303334,0.69281864,0.721085,0.22212473],[0.8041944,-0.42511025,0.41539443,-0.020417973],[0,0,0,1]],"fl_x":1585.2347,"w":1920},{"file_path":"images/24","transform_matrix":[[0.8400505,0.40208924,-0.36419708,-1.0604984],[-0.017321415,0.6908577,0.7227834,0.21068868],[0.5422317,-0.600866,0.58732,0.25531095],[0,0,0,0.99999994]],"cx":950.5163,"cy":715.5223,"h":1440,"fl_y":1585.2347,"fl_x":1585.2347,"w":1920,"timestamp":118163.512444208,"depth_path":"images/24.depth.png"},{"transform_matrix":[[0.9510704,0.2568578,-0.17172495,-0.77298373],[-0.04942654,0.67511153,0.73605824,0.22439888],[0.30499578,-0.69155526,0.65477407,0.36333415],[0,0,0,1]],"file_path":"images/25","cy":715.5365,"fl_y":1589.3019,"h":1440,"timestamp":118166.562957208,"cx":950.4294,"depth_path":"images/25.depth.png","w":1920,"fl_x":1589.3019},{"fl_x":1589.3019,"transform_matrix":[[0.99824333,-0.041683987,0.042106736,-0.48080844],[-0.0011464703,0.69694287,0.717126,0.22703123],[-0.05923868,-0.71591437,0.6956706,0.4827349],[0,0,0,1]],"fl_y":1589.3019,"file_path":"images/26","depth_path":"images/26.depth.png","cx":950.5646,"timestamp":118169.613470416,"w":1920,"h":1440,"cy":715.5119},{"depth_path":"images/27.depth.png","cy":715.55615,"timestamp":118172.663983458,"transform_matrix":[[0.91840464,-0.33942837,0.2032766,-0.2025991],[0.08520928,0.67142403,0.73615843,0.25770727],[-0.38635784,-0.6587701,0.6455613,0.37170273],[0,0,0,1]],"file_path":"images/27","h":1440,"fl_y":1579.36,"fl_x":1579.36,"w":1920,"cx":950.7672},{"timestamp":118175.697827166,"depth_path":"images/28.depth.png","transform_matrix":[[0.83740526,-0.39133137,0.3815922,0.064958125],[0.010913277,0.7099732,0.7041443,0.23739049],[-0.54647386,-0.5854895,0.59880584,0.21812049],[0,0,0,1]],"w":1920,"fl_y":1580.7157,"cx":950.5919,"file_path":"images/28","fl_x":1580.7157,"cy":715.49384,"h":1440},{"cy":715.50836,"w":1920,"transform_matrix":[[0.6424412,-0.5498637,0.5337784,0.25056162],[0.005300507,0.6997058,0.7144117,0.21809405],[-0.7663168,-0.4561381,0.45243427,0.12329093],[0,0,0,1]],"file_path":"images/29","fl_y":1571.2257,"fl_x":1571.2257,"cx":950.58026,"h":1440,"depth_path":"images/29.depth.png","timestamp":118178.748340208},{"cx":950.5054,"cy":715.5257,"file_path":"images/30","w":1920,"h":1440,"timestamp":118181.798853166,"depth_path":"images/30.depth.png","fl_x":1589.7538,"transform_matrix":[[0.36728027,-0.67218155,0.6428664,0.40096354],[-0.02174031,0.68477917,0.72842634,0.20210633],[-0.9298562,-0.2815127,0.23689245,-0.19056872],[0,0,0,0.99999994]],"fl_y":1589.7538},{"timestamp":118184.849366,"cx":950.45624,"transform_matrix":[[-0.22039047,-0.6817502,0.6975994,0.48457927],[-0.054222137,0.7226416,0.6890932,0.21801168],[-0.97390354,0.114044204,-0.19622926,-0.6991004],[0,0,0,1]],"h":1440,"fl_x":1598.34,"depth_path":"images/31.depth.png","w":1920,"cy":715.47253,"file_path":"images/31","fl_y":1598.34},{"transform_matrix":[[-0.69788796,-0.48674667,0.52538586,0.4075417],[-0.0483867,0.7639343,0.6434776,0.13038987],[-0.71457076,0.42365342,-0.55669254,-1.2384335],[0,0,0,1]],"cy":715.4162,"w":1920,"depth_path":"images/32.depth.png","fl_x":1597.8881,"file_path":"images/32","timestamp":118187.899879,"cx":950.4811,"h":1440,"fl_y":1597.8881},{"cy":715.3991,"fl_x":1598.34,"file_path":"images/33","w":1920,"h":1440,"cx":950.51306,"depth_path":"images/33.depth.png","timestamp":118190.950391916,"fl_y":1598.34,"transform_matrix":[[-0.71112317,-0.4610253,0.53081024,0.37202984],[-0.03597282,0.77786195,0.6274049,0.13198434],[-0.70214653,0.42706734,-0.56974006,-1.2668418],[0,0,0,0.99999994]]},{"timestamp":118193.98423525,"cx":950.36,"transform_matrix":[[-0.942457,-0.2737187,0.19197184,-0.11866369],[-0.09153608,0.7635197,0.6392646,0.07517524],[-0.32155287,0.5849069,-0.74463946,-1.373556],[0,0,0,1.0000001]],"file_path":"images/34","depth_path":"images/34.depth.png","fl_x":1598.34,"cy":715.411,"fl_y":1598.34,"w":1920,"h":1440},{"fl_y":1597.8881,"transform_matrix":[[-0.7846901,-0.43738434,0.4392681,-0.055684183],[-0.007764791,0.7155043,0.69856524,0.09549545],[-0.6198396,0.5447463,-0.56484526,-1.1789364],[0,0,0,0.99999994]],"cx":950.5561,"cy":715.4881,"file_path":"images/35","h":1440,"fl_x":1597.8881,"w":1920,"timestamp":118197.051417541,"depth_path":"images/35.depth.png"},{"h":1440,"timestamp":118200.135269291,"fl_y":1594.2728,"cy":715.46674,"depth_path":"images/36.depth.png","fl_x":1594.2728,"transform_matrix":[[-0.8133111,-0.40559614,0.41715357,-0.056862436],[-0.014353343,0.73073745,0.68250793,0.1037424],[-0.5816522,0.54910356,-0.6001385,-1.1934227],[0,0,0,1]],"w":1920,"file_path":"images/36","cx":950.54944},{"w":1920,"transform_matrix":[[-0.82569474,-0.40887257,0.38865364,-0.051997036],[-0.03225507,0.7220506,0.69108814,0.0977406],[-0.5631944,0.5580917,-0.60938156,-1.1756065],[0,0,0,1]],"timestamp":118203.185782125,"cy":715.47485,"depth_path":"images/37.depth.png","file_path":"images/37","fl_x":1594.2728,"h":1440,"fl_y":1594.2728,"cx":950.4998},{"w":1920,"fl_x":1594.2728,"timestamp":118206.219625333,"fl_y":1594.2728,"cy":715.5044,"h":1440,"depth_path":"images/38.depth.png","transform_matrix":[[-0.8308457,-0.4212788,0.36362025,-0.05912281],[-0.042694345,0.6997296,0.71313107,0.089004345],[-0.55486274,0.57697725,-0.59935355,-1.1620829],[0,0,0,1]],"cx":950.46344,"file_path":"images/38"},{"depth_path":"images/39.depth.png","fl_x":1597.4362,"cy":715.4653,"transform_matrix":[[-0.92623615,-0.35409728,0.12923639,-0.19860874],[-0.17862166,0.71422535,0.6767398,0.051013984],[-0.33193558,0.60373634,-0.72479063,-1.3733423],[0,0,0,1]],"w":1920,"h":1440,"file_path":"images/39","cx":950.13245,"timestamp":118209.270138083,"fl_y":1597.4362},{"w":1920,"fl_y":1595.1766,"transform_matrix":[[-0.8807754,-0.4701853,0.05621978,-0.3760414],[-0.36642608,0.7519347,0.5480203,-0.04463511],[-0.29994467,0.46208236,-0.83457357,-1.4441198],[0,0,0,1]],"depth_path":"images/40.depth.png","file_path":"images/40","cy":715.3845,"cx":949.69727,"h":1440,"fl_x":1595.1766,"timestamp":118212.32065075},{"w":1920,"h":1440,"fl_x":1594.7247,"timestamp":118215.371163333,"depth_path":"images/41.depth.png","fl_y":1594.7247,"cx":949.6831,"file_path":"images/41","cy":715.41016,"transform_matrix":[[-0.9001528,-0.43517798,-0.018586263,-0.3835342],[-0.36681628,0.7343566,0.57110983,-0.0442022],[-0.23488547,0.5209037,-0.82066333,-1.5132554],[0,0,0,1]]},{"fl_y":1589.3019,"timestamp":118218.421676,"cx":950.5417,"cy":715.54865,"w":1920,"fl_x":1589.3019,"file_path":"images/42","depth_path":"images/42.depth.png","transform_matrix":[[-0.90566385,-0.31843993,0.27994493,-0.08644976],[-0.00671822,0.6709475,0.74147457,-0.12080212],[-0.42394337,0.66964585,-0.6097922,-1.1373404],[0,0,0,1]],"h":1440},{"cx":950.1831,"timestamp":118221.45551925,"file_path":"images/43","w":1920,"cy":715.47534,"depth_path":"images/43.depth.png","fl_y":1596.0804,"transform_matrix":[[-0.9769145,-0.21363091,-9.552637e-05,-0.44043693],[-0.15465102,0.70689625,0.69020355,-0.106657885],[-0.14738128,0.6742846,-0.72361535,-1.2373688],[0,0,0,0.99999994]],"fl_x":1596.0804,"h":1440},{"w":1920,"cy":715.35767,"cx":950.23126,"depth_path":"images/44.depth.png","file_path":"images/44","transform_matrix":[[-0.9840631,-0.06911258,-0.16384014,-0.59366703],[-0.1534211,0.79581136,0.58578724,-0.097834066],[0.0899006,0.60158795,-0.7937318,-1.2561669],[0,0,0,1]],"timestamp":118224.506031791,"fl_x":1595.6285,"h":1440,"fl_y":1595.6285},{"fl_x":1596.5323,"transform_matrix":[[-0.9569113,0.070572,-0.28167424,-0.71162915],[-0.081513725,0.8657323,0.49382526,-0.12024684],[0.2787047,0.49550724,-0.8226765,-1.3156186],[0,0,0,1]],"cy":715.272,"h":1440,"w":1920,"depth_path":"images/45.depth.png","cx":950.4617,"timestamp":118227.55654425,"file_path":"images/45","fl_y":1596.5323},{"timestamp":118230.590387166,"transform_matrix":[[-0.8083687,0.31817764,-0.49528086,-0.89931047],[-0.060946852,0.79158974,0.60800594,-0.1344954],[0.5855131,0.5216787,-0.62050444,-1.1708677],[0,0,0,1]],"cy":715.37445,"h":1440,"depth_path":"images/46.depth.png","fl_x":1594.7247,"fl_y":1594.7247,"file_path":"images/46","w":1920,"cx":950.4772},{"transform_matrix":[[-0.6807489,0.52257365,-0.51332045,-1.0823958],[-0.012600809,0.6923049,0.7214953,-0.06083729],[0.7324086,0.49762523,-0.4647009,-0.9632771],[0,0,0,1]],"w":1920,"timestamp":118233.640899625,"file_path":"images/47","cx":950.5321,"cy":715.51764,"depth_path":"images/47.depth.png","fl_y":1571.6776,"h":1440,"fl_x":1571.6776},{"transform_matrix":[[-0.8253164,0.42142054,-0.37584248,-0.8428995],[-0.063449234,0.5921701,0.80331117,-0.04700605],[0.56109446,0.68683267,-0.4619889,-0.9316586],[0,0,0,0.99999994]],"fl_y":1592.9171,"timestamp":118236.691411958,"depth_path":"images/48.depth.png","fl_x":1592.9171,"cx":950.3608,"w":1920,"h":1440,"cy":715.6433,"file_path":"images/48"},{"transform_matrix":[[-0.09112794,0.6646946,-0.741537,-1.3502718],[-0.07069645,0.7384383,0.67060506,-0.11097737],[0.99332666,0.11353487,-0.020300822,-0.5224403],[0,0,0,1]],"h":1440,"timestamp":118245.492889625,"cy":715.4473,"w":1920,"depth_path":"images/49.depth.png","file_path":"images/49","fl_x":1598.34,"fl_y":1598.34,"cx":950.40515}],"fl_x":1,"fl_y":1,"h":0}