{"fl_y":1,"cx":320,"fl_x":1,"depth_integer_scale":1,"frames":[{"file_path":"images/0","fl_x":1597.4362,"fl_y":1597.4362,"cx":950.46216,"w":1920,"h":1440,"timestamp":519258.942339291,"cy":715.4485,"transform_matrix":[[0.9987494,0.016214723,0.04729677,0.3583571],[-0.043841634,0.73878866,0.6725098,0.22107482],[-0.024037749,-0.6737421,0.7385755,0.48972282],[0,0,0,1]],"depth_path":"images/0.depth.png"},{"fl_y":1597.4362,"w":1920,"h":1440,"file_path":"images/1","cy":715.40125,"cx":950.4897,"timestamp":519261.942843208,"depth_path":"images/1.depth.png","fl_x":1597.4362,"transform_matrix":[[0.9905521,0.11450197,-0.07547275,0.15693927],[-0.041453492,0.7745943,0.63109845,0.23430154],[0.13072278,-0.62200725,0.77202255,0.446465],[0,0,0,0.99999994]]},{"fl_x":1597.4362,"timestamp":519264.960016625,"fl_y":1597.4362,"h":1440,"w":1920,"cy":715.4105,"cx":950.3932,"transform_matrix":[[0.9637411,0.22305167,-0.14646214,0.033230532],[-0.07930698,0.76350486,0.6409139,0.23888707],[0.25478145,-0.6060596,0.75351065,0.3563013],[0,0,0,0.99999994]],"depth_path":"images/2.depth.png","file_path":"images/2"},{"depth_path":"images/3.depth.png","transform_matrix":[[0.8209549,0.44722006,-0.3550033,-0.15545927],[-0.096451975,0.7214103,0.6857583,0.2298736],[0.56278783,-0.5287358,0.63538057,0.04710301],[0,0,0,0.99999994]],"file_path":"images/3","fl_y":1596.9843,"fl_x":1596.9843,"cx":950.3216,"cy":715.46204,"w":1920,"h":1440,"timestamp":519267.960520583},{"timestamp":519270.961024375,"cy":715.48975,"transform_matrix":[[0.7078606,0.5269525,-0.4703771,-0.27664286],[-0.055439867,0.70531744,0.70672053,0.23676819],[0.7041733,-0.47418183,0.5284806,-0.069967255],[0,0,0,0.99999994]],"fl_y":1596.9843,"w":1920,"h":1440,"depth_path":"images/4.depth.png","cx":950.41876,"fl_x":1596.9843,"file_path":"images/4"},{"cx":950.4126,"cy":715.5283,"file_path":"images/5","depth_path":"images/5.depth.png","h":1440,"w":1920,"fl_y":1596.9843,"fl_x":1596.9843,"timestamp":519273.9615285,"transform_matrix":[[0.5928495,0.61495054,-0.5199668,-0.35227412],[-0.058238477,0.6767184,0.733935,0.23099506],[0.8032048,-0.4048309,0.43700594,-0.23596905],[0,0,0,0.9999999]]},{"cx":950.4989,"h":1440,"fl_x":1596.9843,"transform_matrix":[[0.4055932,0.69130707,-0.5979875,-0.3662054],[-0.024574036,0.66222525,0.74890184,0.22436148],[0.9137235,-0.28905448,0.28558224,-0.3694691],[0,0,0,1.0000001]],"file_path":"images/6","cy":715.55206,"depth_path":"images/6.depth.png","fl_y":1596.9843,"w":1920,"timestamp":519276.962032375},{"fl_x":1596.5323,"file_path":"images/7","transform_matrix":[[0.22356999,0.729511,-0.6463978,-0.38978854],[-0.037636187,0.6691511,0.7421728,0.23594356],[0.97396106,-0.14159961,0.17705816,-0.5252411],[0,0,0,1]],"depth_path":"images/7.depth.png","timestamp":519279.962536083,"fl_y":1596.5323,"cx":950.465,"w":1920,"h":1440,"cy":715.54016},{"timestamp":519282.946370291,"h":1440,"depth_path":"images/8.depth.png","cx":950.5084,"cy":715.5415,"file_path":"images/8","fl_y":1596.5323,"fl_x":1596.5323,"w":1920,"transform_matrix":[[-0.3016613,0.70679563,-0.63987553,-0.3963831],[-0.01020716,0.66870785,0.7434553,0.178725],[0.9533606,0.230803,-0.1945089,-0.8606376],[0,0,0,1]]},{"transform_matrix":[[-0.21903144,0.57838875,-0.7858065,-0.5457784],[-0.06292212,0.79531306,0.6029246,0.08198103],[0.9736869,0.18150404,-0.13780512,-0.8422382],[0,0,0,1]],"h":1440,"file_path":"images/9","timestamp":519285.946874083,"fl_x":1597.4362,"fl_y":1597.4362,"w":1920,"depth_path":"images/9.depth.png","cy":715.3646,"cx":950.44586},{"timestamp":519288.947377708,"cx":950.2494,"file_path":"images/10","fl_x":1596.9843,"transform_matrix":[[-0.655724,0.51840687,-0.5488902,-0.21762337],[-0.10743578,0.65553933,0.7474797,0.088565156],[0.7473176,0.54911083,-0.37415743,-1.0185986],[0,0,0,1]],"fl_y":1596.9843,"depth_path":"images/10.depth.png","h":1440,"w":1920,"cy":715.54865},{"timestamp":519291.947881291,"depth_path":"images/11.depth.png","fl_y":1599.2438,"transform_matrix":[[-0.6755629,0.48643464,-0.55407256,-0.18911357],[-0.0067095263,0.747399,0.6643418,0.001999624],[0.737272,0.45252213,-0.5016512,-1.077082],[0,0,0,1]],"fl_x":1599.2438,"w":1920,"h":1440,"cx":950.5591,"cy":715.43964,"file_path":"images/11"},{"h":1440,"cx":950.43506,"file_path":"images/12","fl_y":1602.4071,"w":1920,"depth_path":"images/12.depth.png","timestamp":519294.948384916,"fl_x":1602.4071,"transform_matrix":[[-0.9945927,0.023103954,-0.1012516,0.19377185],[-0.050260577,0.7460837,0.6639528,-0.02709692],[0.09088211,0.66545147,-0.7408881,-1.1584269],[0,0,0,1]],"cy":715.4418},{"file_path":"images/13","h":1440,"fl_x":1601.9552,"transform_matrix":[[-0.845778,-0.409344,0.34219489,0.44840652],[-0.030661676,0.67760456,0.73478717,-0.033421345],[-0.5326535,0.6109745,-0.5856542,-1.151202],[0,0,0,1.0000001]],"fl_y":1601.9552,"w":1920,"depth_path":"images/13.depth.png","cy":715.53845,"cx":950.4613,"timestamp":519297.965557833},{"timestamp":519300.966061375,"fl_x":1598.7919,"file_path":"images/14","fl_y":1598.7919,"w":1920,"cy":715.6267,"h":1440,"transform_matrix":[[-0.60548776,-0.6576149,0.4482493,0.6509164],[-0.078003734,0.6095553,0.78889656,-0.009499952],[-0.7920228,0.44270205,-0.4203747,-1.1155384],[0,0,0,1]],"cx":950.3138,"depth_path":"images/14.depth.png"},{"fl_x":1595.6285,"transform_matrix":[[-0.7072311,-0.46204358,0.5351075,0.91602],[-0.045133907,0.7848527,0.6180367,0.06097395],[-0.70554036,0.41294327,-0.57592607,-1.2695273],[0,0,0,1]],"timestamp":519303.966565,"w":1920,"depth_path":"images/15.depth.png","h":1440,"cx":950.47064,"cy":715.39,"fl_y":1595.6285,"file_path":"images/15"},{"w":1920,"fl_x":1596.0804,"timestamp":519306.967068541,"fl_y":1596.0804,"h":1440,"transform_matrix":[[-0.49358842,-0.54791844,0.6753933,1.1169893],[-0.047312666,0.79235274,0.60822594,0.13065642],[-0.8684078,0.26825863,-0.4170196,-1.1357492],[0,0,0,1]],"file_path":"images/16","depth_path":"images/16.depth.png","cx":950.5012,"cy":715.3777},{"transform_matrix":[[-0.8363632,-0.33943468,0.43044263,0.85447097],[-0.02598403,0.80889267,0.5873819,0.12369324],[-0.5475597,0.4800799,-0.685348,-1.4850467],[0,0,0,0.99999994]],"cx":950.55444,"w":1920,"file_path":"images/17","fl_y":1596.0804,"fl_x":1596.0804,"h":1440,"timestamp":519309.950902416,"depth_path":"images/17.depth.png","cy":715.3556},{"transform_matrix":[[-0.11585304,-0.69985175,0.7048302,1.0736923],[-0.20320702,0.71129966,0.67287433,0.1580772],[-0.9722578,-0.06527191,-0.224621,-0.87216514],[0,0,0,0.99999994]],"file_path":"images/18","fl_y":1595.1766,"fl_x":1595.1766,"cy":715.46936,"w":1920,"timestamp":519312.951405666,"cx":950.03644,"h":1440,"depth_path":"images/18.depth.png"},{"cx":950.37354,"cy":715.4168,"depth_path":"images/19.depth.png","fl_x":1595.6285,"file_path":"images/19","fl_y":1595.6285,"h":1440,"w":1920,"transform_matrix":[[0.13044041,-0.63401955,0.7622368,1.0633565],[-0.07723654,0.7599708,0.6453521,0.075225264],[-0.98844326,-0.1430525,0.050161418,-0.52274877],[0,0,0,1]],"timestamp":519315.951908916},{"transform_matrix":[[0.3710271,-0.5728416,0.73088396,0.9718145],[-0.2048193,0.717198,0.66609,0.27171144],[-0.9057527,-0.39683658,0.14877091,-0.28237092],[0,0,0,0.9999999]],"timestamp":519318.952412,"cx":950.0371,"cy":715.4538,"fl_x":1595.6285,"file_path":"images/20","fl_y":1595.6285,"depth_path":"images/20.depth.png","w":1920,"h":1440},{"depth_path":"images/21.depth.png","cy":715.4241,"fl_y":1595.1766,"w":1920,"h":1440,"timestamp":519321.952915166,"file_path":"images/21","transform_matrix":[[0.95191264,-0.16470872,0.2583284,0.45333415],[-0.04575026,0.75731546,0.6514449,0.2566359],[-0.3029347,-0.631937,0.71336263,0.24113953],[0,0,0,1]],"cx":950.4324,"fl_x":1595.1766},{"timestamp":519324.95341825,"w":1920,"h":1440,"fl_x":1595.6285,"cx":950.3553,"fl_y":1595.6285,"file_path":"images/22","depth_path":"images/22.depth.png","transform_matrix":[[0.7542564,-0.35969728,0.5492862,0.96280426],[-0.0878047,0.77381384,0.6272979,0.23366246],[-0.6506825,-0.52137333,0.5520709,0.10194715],[0,0,0,0.99999994]],"cy":715.39},{"w":1920,"cx":950.4574,"timestamp":519327.953921166,"cy":715.3978,"fl_x":1595.1766,"h":1440,"transform_matrix":[[0.99852943,0.052748766,0.012519918,0.16265559],[-0.048869457,0.7757737,0.6291161,0.24114022],[0.023472475,-0.62880266,0.77721065,0.5396642],[0,0,0,0.99999994]],"depth_path":"images/23.depth.png","fl_y":1595.1766,"file_path":"images/23"},{"h":1440,"cx":950.77277,"w":1920,"transform_matrix":[[0.9983971,-0.019351559,-0.053189714,-0.024321193],[0.042412005,0.8780807,0.47662959,0.05699622],[0.03748133,-0.47812137,0.87749386,0.6534242],[0,0,0,1.0000001]],"timestamp":519330.954424,"depth_path":"images/24.depth.png","fl_x":1596.5323,"file_path":"images/24","fl_y":1596.5323,"cy":715.26685},{"transform_matrix":[[0.94680387,0.26585877,-0.18133388,-0.23880349],[-0.07775447,0.7357705,0.6727527,0.12208817],[0.31227732,-0.62286514,0.7173021,0.21372159],[0,0,0,1.0000001]],"depth_path":"images/25.depth.png","w":1920,"h":1440,"file_path":"images/25","fl_x":1595.6285,"fl_y":1595.6285,"cy":715.44147,"timestamp":519333.938257291,"cx":950.3815},{"timestamp":519336.938760208,"fl_x":1595.6285,"fl_y":1595.6285,"cy":715.4369,"h":1440,"w":1920,"cx":950.509,"transform_matrix":[[0.8038047,0.411175,-0.42992234,-0.44519603],[-0.025348209,0.7457044,0.6657948,0.18703867],[0.5943531,-0.5242712,0.6098233,0.047112335],[0,0,0,1]],"file_path":"images/26","depth_path":"images/26.depth.png"},{"file_path":"images/27","timestamp":519339.939263166,"fl_y":1595.1766,"cy":715.5149,"fl_x":1595.1766,"w":1920,"transform_matrix":[[0.6056548,0.5955744,-0.52770615,-0.5101647],[-0.0402765,0.6852691,0.72717565,0.14140141],[0.7947077,-0.41916323,0.43902415,-0.14886764],[0,0,0,1]],"h":1440,"cx":950.43915,"depth_path":"images/27.depth.png"},{"w":1920,"file_path":"images/28","cy":715.34534,"timestamp":519342.939766083,"cx":950.38214,"h":1440,"fl_y":1596.0804,"fl_x":1596.0804,"depth_path":"images/28.depth.png","transform_matrix":[[0.79911494,0.41322738,-0.436645,-0.30452055],[-0.095284574,0.8041932,0.58668095,-0.23315166],[0.5935794,-0.42721987,0.68201697,0.0052519627],[0,0,0,1.0000001]]},{"w":1920,"depth_path":"images/29.depth.png","fl_x":1595.6285,"fl_y":1595.6285,"timestamp":519345.940269083,"h":1440,"cy":715.386,"cx":950.2987,"transform_matrix":[[0.96073145,0.2479094,-0.12464538,0.108172074],[-0.11859381,0.77296203,0.6232701,-0.32585952],[0.2508606,-0.5840129,0.77200925,0.1898078],[0,0,0,1]],"file_path":"images/29"},{"file_path":"images/30","timestamp":519348.940772166,"transform_matrix":[[0.9670517,-0.08890264,0.2385537,0.42466554],[-0.045599073,0.86140263,0.505872,-0.5014111],[-0.25046408,-0.50008214,0.82896686,0.36790335],[0,0,0,1.0000001]],"cy":715.2802,"w":1920,"cx":950.5507,"fl_y":1596.9843,"h":1440,"depth_path":"images/30.depth.png","fl_x":1596.9843},{"cx":950.4962,"fl_x":1596.9843,"depth_path":"images/31.depth.png","transform_matrix":[[0.8692474,-0.23038313,0.43741596,0.62155086],[-0.057327114,0.8318409,0.55204564,-0.3149842],[-0.49104252,-0.50494,0.7098684,0.21687682],[0,0,0,0.99999994]],"timestamp":519351.941275125,"cy":715.3197,"file_path":"images/31","fl_y":1596.9843,"w":1920,"h":1440},{"file_path":"images/32","cx":950.44586,"timestamp":519354.958447375,"fl_x":1596.5323,"transform_matrix":[[0.57038724,-0.47299775,0.6715146,0.8210718],[-0.06527794,0.78885806,0.61109895,-0.32290944],[-0.818778,-0.3923981,0.41907823,0.04078573],[0,0,0,1]],"fl_y":1596.5323,"depth_path":"images/32.depth.png","h":1440,"cy":715.3814,"w":1920},{"timestamp":519357.958950166,"fl_x":1596.5323,"file_path":"images/33","cy":715.40936,"w":1920,"h":1440,"depth_path":"images/33.depth.png","fl_y":1596.5323,"cx":950.4118,"transform_matrix":[[0.40421736,-0.5612711,0.7222072,0.89060396],[-0.07260704,0.76740664,0.63703644,-0.34361193],[-0.9117767,-0.30993843,0.26944682,-0.23188883],[0,0,0,1]]},{"transform_matrix":[[0.50347024,-0.33750996,0.79536474,1.0021461],[-0.18487433,0.85714555,0.48075294,-0.19063959],[-0.844002,-0.38908723,0.36915037,-0.32813418],[0,0,0,1]],"fl_x":1596.9843,"file_path":"images/34","timestamp":519360.959452833,"fl_y":1596.9843,"cx":950.1893,"depth_path":"images/34.depth.png","cy":715.268,"w":1920,"h":1440},{"h":1440,"file_path":"images/35","cy":715.4012,"transform_matrix":[[0.46430877,-0.4924489,0.7361465,1.083278],[-0.18321733,0.7597866,0.6238235,0.11975445],[-0.8665155,-0.42452148,0.2625504,-0.30970216],[0,0,0,0.99999994]],"cx":950.12976,"depth_path":"images/35.depth.png","timestamp":519363.943285875,"w":1920,"fl_x":1596.5323,"fl_y":1596.5323},{"cy":715.44006,"h":1440,"timestamp":519366.943788208,"depth_path":"images/36.depth.png","w":1920,"fl_y":1596.5323,"cx":950.3504,"transform_matrix":[[0.21432182,-0.6394121,0.73838913,1.1092719],[-0.08865295,0.7401012,0.66662675,0.14358777],[-0.9727318,-0.208333,0.10193405,-0.5353523],[0,0,0,1]],"file_path":"images/36","fl_x":1596.5323},{"w":1920,"timestamp":519369.944290541,"depth_path":"images/37.depth.png","fl_x":1596.0804,"cx":950.4266,"file_path":"images/37","transform_matrix":[[0.326467,-0.6251075,0.7089853,1.0729779],[-0.05641073,0.7358609,0.674779,0.15248138],[-0.94352394,-0.26028743,0.20497155,-0.502038],[0,0,0,1]],"cy":715.4469,"h":1440,"fl_y":1596.0804},{"cy":715.4454,"fl_y":1596.0804,"fl_x":1596.0804,"timestamp":519372.944792875,"cx":950.2453,"transform_matrix":[[-0.012754818,-0.6802473,0.7328719,1.0641245],[-0.12783845,0.72802615,0.6735247,0.21745974],[-0.99171317,-0.08509852,-0.0962476,-0.8600179],[0,0,0,1]],"w":1920,"depth_path":"images/38.depth.png","file_path":"images/38","h":1440},{"file_path":"images/39","h":1440,"fl_y":1596.5323,"depth_path":"images/39.depth.png","fl_x":1596.5323,"cy":715.38824,"transform_matrix":[[-0.5314446,-0.57173413,0.62504953,0.98848253],[-0.09225778,0.772552,0.62821347,0.2184031],[-0.8420542,0.27619493,-0.46331546,-1.2334435],[0,0,0,1]],"timestamp":519375.945295166,"cx":950.3747,"w":1920},{"depth_path":"images/40.depth.png","transform_matrix":[[-0.81136394,-0.34683204,0.4705279,0.760828],[0.049596876,0.76120245,0.64661527,0.19001591],[-0.58243376,0.54797685,-0.60041034,-1.4108607],[0,0,0,1]],"fl_y":1596.5323,"cy":715.4259,"w":1920,"cx":950.73083,"file_path":"images/40","fl_x":1596.5323,"timestamp":519378.962467083,"h":1440},{"fl_y":1596.0804,"cx":950.7013,"depth_path":"images/41.depth.png","cy":715.48346,"file_path":"images/41","h":1440,"w":1920,"transform_matrix":[[-0.9202288,-0.23712169,0.31137225,0.49352375],[0.048102703,0.72101796,0.6912449,0.16918841],[-0.38841408,0.6510812,-0.6520952,-1.2517188],[0,0,0,1.0000001]],"fl_x":1596.0804,"timestamp":519381.962969541},{"h":1440,"depth_path":"images/42.depth.png","timestamp":519384.963471916,"cx":949.9441,"transform_matrix":[[-0.044336125,-0.8169329,0.57502615,0.76959884],[-0.21442135,0.5699594,0.7932023,0.1408673],[-0.9757346,-0.08813035,-0.20043765,-0.6002046],[0,0,0,1]],"fl_x":1596.0804,"fl_y":1596.0804,"cy":715.65643,"file_path":"images/42","w":1920},{"depth_path":"images/43.depth.png","transform_matrix":[[0.9870137,0.1577703,-0.030213049,0.16476823],[-0.0968718,0.73462766,0.6715193,0.24030837],[0.12814115,-0.6598719,0.7403709,0.36694402],[0,0,0,0.99999994]],"file_path":"images/43","cx":950.3297,"timestamp":519387.96397425,"cy":715.45026,"fl_x":1596.0804,"fl_y":1596.0804,"w":1920,"h":1440},{"fl_x":1596.0804,"h":1440,"fl_y":1596.0804,"w":1920,"depth_path":"images/44.depth.png","cy":715.53,"transform_matrix":[[0.76927227,0.5307488,-0.3557053,-0.22570015],[-0.124072514,0.67022365,0.7317148,0.22993329],[0.62675875,-0.51875454,0.58143574,0.012024209],[0,0,0,1]],"timestamp":519390.947807208,"file_path":"images/44","cx":950.20496},{"cx":950.3659,"depth_path":"images/45.depth.png","fl_x":1596.0804,"file_path":"images/45","cy":715.57245,"h":1440,"timestamp":519393.948309333,"fl_y":1596.0804,"w":1920,"transform_matrix":[[0.4974115,0.68350226,-0.53423476,-0.3999515],[-0.06429471,0.6431739,0.7630162,0.17222966],[0.865129,-0.34518453,0.3638676,-0.29085863],[0,0,0,0.99999994]]},{"timestamp":519396.948811791,"cx":950.1308,"h":1440,"cy":715.6,"fl_x":1605.5704,"transform_matrix":[[-0.40477604,0.67637503,-0.61536455,-0.3439624],[-0.14799054,0.61563116,0.7740137,0.17973144],[0.902361,0.4043703,-0.14909564,-0.8443766],[0,0,0,1]],"fl_y":1605.5704,"w":1920,"depth_path":"images/46.depth.png","file_path":"images/46"},{"file_path":"images/47","fl_y":1596.5323,"timestamp":519399.949313958,"w":1920,"h":1440,"depth_path":"images/47.depth.png","fl_x":1596.5323,"cy":715.5367,"transform_matrix":[[-0.2724429,0.69639707,-0.66393244,-0.5428064],[-0.11927777,0.66026753,0.74149835,0.188071],[0.95475024,0.2812083,-0.09682052,-0.8135365],[0,0,0,1]],"cx":950.2377},{"w":1920,"cx":950.13104,"h":1440,"cy":715.71405,"file_path":"images/48","timestamp":519402.949816083,"depth_path":"images/48.depth.png","transform_matrix":[[-0.8361231,-0.5108786,0.1997535,0.35717157],[-0.13741931,0.54762286,0.82536376,0.22483438],[-0.5310502,0.6626557,-0.52808464,-1.0138996],[0,0,0,1]],"fl_x":1596.5323,"fl_y":1596.5323},{"fl_x":1597.4362,"file_path":"images/49","cy":715.36597,"fl_y":1597.4362,"cx":950.27814,"h":1440,"transform_matrix":[[-0.7674852,-0.4587856,0.44775286,0.7104749],[-0.12663448,0.7931857,0.59566814,0.019275881],[-0.628435,0.40046543,-0.6668562,-1.3009498],[0,0,0,1]],"timestamp":519405.950318125,"depth_path":"images/49.depth.png","w":1920},{"transform_matrix":[[-0.6932553,-0.42618462,0.5811746,0.8824043],[-0.0820112,0.84782493,0.5238964,-0.23310092],[-0.7160108,0.31553108,-0.62271106,-1.3971363],[0,0,0,0.99999994]],"file_path":"images/50","depth_path":"images/50.depth.png","fl_y":1597.8881,"fl_x":1597.8881,"h":1440,"timestamp":519408.950820333,"cy":715.29645,"w":1920,"cx":950.42926},{"timestamp":519411.951322458,"depth_path":"images/51.depth.png","file_path":"images/51","cy":715.2016,"cx":950.5854,"fl_x":1598.34,"transform_matrix":[[-0.66134876,-0.32244977,0.6772328,0.90705174],[-0.04675828,0.9188494,0.39182875,-0.44297314],[-0.74862,0.22746919,-0.6227571,-1.3271165],[0,0,0,1]],"fl_y":1598.34,"w":1920,"h":1440},{"fl_x":1598.7919,"fl_y":1598.7919,"timestamp":519414.951824458,"w":1920,"transform_matrix":[[-0.57061714,-0.21446687,0.7927171,1.0859317],[0.04670757,0.955258,0.29206303,-0.5249243],[-0.8198871,0.203682,-0.5350693,-1.1457057],[0,0,0,1]],"file_path":"images/52","depth_path":"images/52.depth.png","cx":950.8776,"cy":715.16473,"h":1440},{"depth_path":"images/53.depth.png","timestamp":519417.952326458,"cy":715.2027,"fl_x":1598.34,"w":1920,"h":1440,"fl_y":1598.34,"transform_matrix":[[-0.08272409,-0.39961535,0.9129428,1.1625874],[-0.070208766,0.9161434,0.39465454,-0.53136754],[-0.9940964,-0.031449143,-0.10384362,-0.6111338],[0,0,0,1]],"cx":950.51447,"file_path":"images/53"},{"cx":950.6949,"fl_y":1598.34,"cy":715.18555,"fl_x":1598.34,"w":1920,"h":1440,"depth_path":"images/54.depth.png","transform_matrix":[[0.42628226,-0.31615657,0.84754264,0.9992532],[-0.007543857,0.9356604,0.35282123,-0.5626625],[-0.9045589,-0.15679514,0.39647034,-0.20885666],[0,0,0,0.99999994]],"timestamp":519420.969498,"file_path":"images/54"},{"cx":950.56934,"depth_path":"images/55.depth.png","timestamp":519423.953330625,"cy":715.1833,"file_path":"images/55","fl_x":1598.7919,"fl_y":1598.7919,"w":1920,"h":1440,"transform_matrix":[[0.9803332,-0.020393167,0.19629341,0.34124762],[-0.050919343,0.934831,0.35142335,-0.5413895],[-0.19066778,-0.3545071,0.9154075,0.22032817],[0,0,0,0.99999994]]},{"fl_x":1598.7919,"fl_y":1598.7919,"cx":950.55286,"w":1920,"cy":715.1984,"timestamp":519426.95383275,"transform_matrix":[[0.9228309,-0.09357679,0.3736669,0.6004754],[-0.061437935,0.9218719,0.38259375,-0.5287237],[-0.38027486,-0.37602654,0.8449825,0.20476177],[0,0,0,1]],"file_path":"images/56","h":1440,"depth_path":"images/56.depth.png"},{"fl_x":1598.34,"timestamp":519429.954334583,"fl_y":1598.34,"h":1440,"depth_path":"images/57.depth.png","cx":950.5711,"transform_matrix":[[0.9825689,0.116988584,-0.1444718,-0.014682829],[-0.043933727,0.9012713,0.4310221,-0.54423463],[0.18063293,-0.4171617,0.8907009,0.26686975],[0,0,0,1]],"file_path":"images/57","cy":715.22784,"w":1920},{"cy":715.2354,"transform_matrix":[[0.7813072,0.36668217,-0.50507766,-0.3723055],[-0.12981127,0.8869997,0.4431487,-0.5049046],[0.61049837,-0.28067043,0.74061865,-0.0008326322],[0,0,0,1]],"fl_x":1598.34,"cx":950.3418,"h":1440,"fl_y":1598.34,"depth_path":"images/58.depth.png","file_path":"images/58","timestamp":519432.954836625,"w":1920},{"fl_x":1597.8881,"transform_matrix":[[0.37469667,0.51015717,-0.7741721,-0.51374394],[-0.04419853,0.8438836,0.5347031,-0.43179846],[0.9260935,-0.1661342,0.33874854,-0.3598248],[0,0,0,1]],"timestamp":519435.955338583,"w":1920,"file_path":"images/59","cx":950.5183,"depth_path":"images/59.depth.png","h":1440,"cy":715.30634,"fl_y":1597.8881},{"cy":715.3652,"h":1440,"depth_path":"images/60.depth.png","timestamp":519438.9558405,"w":1920,"fl_y":1600.5995,"fl_x":1600.5995,"cx":950.6406,"transform_matrix":[[0.3178058,0.56008774,-0.76504993,-0.5013061],[0.012585076,0.8043191,0.5940644,-0.1922258],[0.94807243,-0.1984253,0.24856853,-0.6718309],[0,0,0,1]],"file_path":"images/60"},{"cy":715.44745,"transform_matrix":[[-0.13524014,0.66133684,-0.73779684,-0.43744472],[-0.063373156,0.73733956,0.6725434,-0.07781004],[0.98878425,0.13771135,-0.05780689,-0.8710825],[0,0,0,1.0000001]],"file_path":"images/61","depth_path":"images/61.depth.png","timestamp":519441.956342083,"w":1920,"cx":950.3953,"fl_y":1596.0804,"h":1440,"fl_x":1596.0804},{"fl_x":1596.0804,"w":1920,"cy":715.52496,"timestamp":519444.940174166,"h":1440,"cx":950.07605,"depth_path":"images/62.depth.png","file_path":"images/62","transform_matrix":[[-0.31017408,0.6573679,-0.6867749,-0.3948158],[-0.17818637,0.66940206,0.7212148,0.14615302],[0.93383193,0.346076,-0.090497136,-0.8484049],[0,0,0,1]],"fl_y":1596.0804},{"w":1920,"h":1440,"transform_matrix":[[-0.19822852,0.66861844,-0.71669734,-0.6137081],[-0.13802885,0.7048783,0.6957692,-0.17866333],[0.97038835,0.23684621,-0.047438357,-0.90261906],[0,0,0,0.99999994]],"fl_x":1596.0804,"cy":715.4754,"file_path":"images/63","fl_y":1596.0804,"cx":950.20557,"timestamp":519447.957345166,"depth_path":"images/63.depth.png"},{"file_path":"images/64","transform_matrix":[[-0.35516083,0.43430594,-0.827792,-0.53805405],[0.007633752,0.88684136,0.4620113,-0.53807807],[0.9347742,0.15776914,-0.31828663,-0.9624388],[0,0,0,1]],"cy":715.25214,"depth_path":"images/64.depth.png","cx":950.69037,"timestamp":519450.941177333,"w":1920,"h":1440,"fl_x":1596.9843,"fl_y":1596.9843},{"timestamp":519453.958348166,"fl_x":1596.9843,"cx":950.60864,"cy":715.321,"fl_y":1596.9843,"w":1920,"transform_matrix":[[-0.4356385,0.49129653,-0.75421953,-0.47874627],[-0.008389308,0.8356557,0.5491896,-0.4243041],[0.90008277,0.2455755,-0.35992214,-0.9438623],[0,0,0,0.99999994]],"h":1440,"depth_path":"images/65.depth.png","file_path":"images/65"},{"transform_matrix":[[0.74387693,0.6237189,-0.24004632,-0.07231251],[-0.13166136,0.4889091,0.8623419,0.041683882],[0.6552197,-0.60987127,0.4458078,-0.5279252],[0,0,0,1.0000001]],"timestamp":519456.975519166,"cx":950.1572,"w":1920,"h":1440,"fl_y":1608.2819,"cy":715.771,"fl_x":1608.2819,"file_path":"images/66","depth_path":"images/66.depth.png"},{"fl_x":1596.5323,"cx":950.2982,"file_path":"images/67","w":1920,"fl_y":1596.5323,"transform_matrix":[[0.9404797,-0.25920814,0.21979387,0.28079635],[-0.07675966,0.46800992,0.8803834,0.09381142],[-0.3310682,-0.8448538,0.420257,-0.42241234],[0,0,0,1]],"timestamp":519459.959350833,"depth_path":"images/67.depth.png","cy":715.8065,"h":1440},{"w":1920,"h":1440,"cy":715.6825,"timestamp":519462.959852041,"transform_matrix":[[0.20462102,-0.7972036,0.567976,0.704761],[-0.12514861,0.5541844,0.8229323,0.12059234],[-0.970808,-0.23947063,0.0136288535,-0.66525954],[0,0,0,1]],"depth_path":"images/68.depth.png","fl_x":1600.1476,"file_path":"images/68","cx":950.18964,"fl_y":1600.1476},{"depth_path":"images/69.depth.png","file_path":"images/69","cx":950.3324,"fl_x":1601.5033,"transform_matrix":[[-0.5968789,-0.5685589,0.5661066,0.8266464],[-0.10928184,0.75661194,0.6446674,-0.15319264],[-0.7948543,0.3229231,-0.5137389,-1.1821343],[0,0,0,1]],"timestamp":519465.960353291,"fl_y":1601.5033,"w":1920,"h":1440,"cy":715.41644},{"w":1920,"cy":715.2394,"fl_y":1598.34,"file_path":"images/70","fl_x":1598.34,"depth_path":"images/70.depth.png","transform_matrix":[[-0.87672,-0.38413924,0.28948125,0.63956034],[-0.24249351,0.87273854,0.4237035,-0.3888194],[-0.41540253,0.30127195,-0.8582985,-1.3963903],[0,0,0,1.0000001]],"timestamp":519468.9608545,"cx":950.07324,"h":1440},{"timestamp":519471.96135575,"cy":715.18365,"fl_y":1600.5995,"h":1440,"depth_path":"images/71.depth.png","fl_x":1600.5995,"file_path":"images/71","w":1920,"transform_matrix":[[-0.8565951,-0.42557225,0.2917764,0.49533123],[-0.45912805,0.88668966,-0.054618146,-0.52597606],[-0.2354711,-0.18074834,-0.9549261,-1.4427403],[0,0,0,1.0000001]],"cx":949.7173},{"file_path":"images/72","depth_path":"images/72.depth.png","cx":950.20044,"transform_matrix":[[-0.92115116,-0.2517993,0.29677942,0.5432085],[-0.26337323,0.9646936,0.0010196792,-0.35225424],[-0.28655794,-0.07722447,-0.9549458,-1.4160678],[0,0,0,1]],"w":1920,"h":1440,"timestamp":519474.961856791,"fl_y":1600.5995,"cy":715.1068,"fl_x":1600.5995},{"file_path":"images/73","depth_path":"images/73.depth.png","timestamp":519477.945688541,"transform_matrix":[[-0.7600974,-0.2590451,0.5959429,0.8336172],[-0.06466706,0.94270635,0.32729676,-0.4540602],[-0.64658374,0.21023948,-0.73330015,-1.1849902],[0,0,0,1]],"fl_y":1598.7919,"cy":715.1686,"w":1920,"h":1440,"cx":950.5737,"fl_x":1598.7919},{"w":1920,"file_path":"images/74","cy":715.2975,"timestamp":519480.946189458,"fl_y":1597.8881,"depth_path":"images/74.depth.png","fl_x":1597.8881,"transform_matrix":[[-0.7337059,-0.35876378,0.5770306,1.0267566],[-0.0059107384,0.8525777,0.5225672,-0.2507878],[-0.6794416,0.37999988,-0.6276618,-1.3483473],[0,0,0,0.99999994]],"h":1440,"cx":950.64105},{"h":1440,"file_path":"images/75","cy":715.3264,"transform_matrix":[[-0.35847875,-0.51077294,0.78141165,1.181943],[0.013893901,0.8340314,0.55154204,-0.22526288],[-0.9334346,0.20857295,-0.29188594,-0.83308345],[0,0,0,0.99999994]],"depth_path":"images/75.depth.png","w":1920,"fl_x":1598.34,"timestamp":519483.946690666,"cx":950.6586,"fl_y":1598.34},{"depth_path":"images/76.depth.png","file_path":"images/76","timestamp":519486.947191875,"h":1440,"fl_x":1597.4362,"fl_y":1597.4362,"transform_matrix":[[0.03931183,-0.73686594,0.6748952,0.89806885],[-0.07861267,0.671043,0.73723924,0.21356162],[-0.99613,-0.082037516,-0.031547062,-0.63445216],[0,0,0,1]],"cx":950.34125,"cy":715.54034,"w":1920},{"depth_path":"images/77.depth.png","fl_x":1596.9843,"transform_matrix":[[0.33226442,-0.69883126,0.63343126,0.833489],[-0.07880889,0.64866793,0.7569802,0.25377843],[-0.939888,-0.30143762,0.16045518,-0.44481373],[0,0,0,0.99999994]],"cx":950.3319,"fl_y":1596.9843,"h":1440,"file_path":"images/77","w":1920,"cy":715.5641,"timestamp":519489.947692833},{"fl_y":1597.4362,"w":1920,"transform_matrix":[[0.8739689,-0.33394504,0.3530712,0.6464204],[-0.045383096,0.6672539,0.7434465,0.27748767],[-0.48385835,-0.6657725,0.5680037,-0.016150393],[0,0,0,1]],"depth_path":"images/78.depth.png","file_path":"images/78","fl_x":1597.4362,"cy":715.5437,"timestamp":519492.948193875,"cx":950.4153,"h":1440},{"w":1920,"h":1440,"fl_y":1597.4362,"file_path":"images/79","fl_x":1597.4362,"transform_matrix":[[0.98890454,-0.10954429,0.10034007,0.35146818],[0.010745448,0.7264268,0.68716,0.3639586],[-0.14816418,-0.6784573,0.71954376,0.35878238],[0,0,0,1]],"depth_path":"images/79.depth.png","cy":715.4687,"timestamp":519495.948694875,"cx":950.58655},{"fl_x":1597.8881,"cy":715.4488,"w":1920,"depth_path":"images/80.depth.png","h":1440,"timestamp":519498.949195791,"file_path":"images/80","transform_matrix":[[0.999828,-0.016108405,0.009208613,0.18071067],[0.0057435306,0.7406048,0.6719164,0.34428793],[-0.017643437,-0.6717478,0.74056995,0.7122937],[0,0,0,1]],"cx":950.60516,"fl_y":1597.8881},{"file_path":"images/81","fl_x":1597.8881,"fl_y":1597.8881,"w":1920,"transform_matrix":[[0.9925891,-0.027118426,0.11845564,0.3961029],[-0.052836508,0.7815093,0.62165254,0.3667298],[-0.10943241,-0.62330425,0.77428466,0.9107258],[0,0,0,1]],"timestamp":519501.949696875,"cx":950.4717,"h":1440,"cy":715.3839,"depth_path":"images/81.depth.png"},{"fl_x":1597.4362,"h":1440,"w":1920,"file_path":"images/82","timestamp":519504.933528416,"depth_path":"images/82.depth.png","fl_y":1597.4362,"cy":715.4018,"cx":950.5111,"transform_matrix":[[0.9647012,-0.1389674,0.2236961,0.7536333],[-0.034887597,0.7745063,0.63160366,0.32678652],[-0.26102632,-0.61711293,0.74231875,0.63087434],[0,0,0,1.0000001]]},{"fl_y":1597.4362,"file_path":"images/83","fl_x":1597.4362,"cy":715.519,"depth_path":"images/83.depth.png","h":1440,"transform_matrix":[[0.9484549,0.28566483,-0.13721885,-0.11233376],[-0.10027659,0.6812572,0.72514373,0.35944352],[0.30062935,-0.6740062,0.67478716,0.45502013],[0,0,0,1]],"cx":950.2811,"w":1920,"timestamp":519507.950698833},{"cx":950.33264,"transform_matrix":[[0.77750456,0.52116567,-0.3519565,-0.30957866],[-0.07769631,0.63497674,0.7686145,0.3530899],[0.62405956,-0.57025546,0.5341899,0.011416882],[0,0,0,1]],"cy":715.5785,"fl_y":1596.9843,"w":1920,"file_path":"images/84","timestamp":519510.9512,"h":1440,"depth_path":"images/84.depth.png","fl_x":1596.9843},{"w":1920,"transform_matrix":[[0.76322323,0.46312743,-0.45055902,-0.43125245],[-0.037807275,0.728129,0.6843968,0.25707147],[0.64502794,-0.50531304,0.57323456,0.04797917],[0,0,0,1]],"depth_path":"images/85.depth.png","timestamp":519513.951701208,"cy":715.45935,"fl_x":1597.4362,"fl_y":1597.4362,"h":1440,"cx":950.4763,"file_path":"images/85"},{"depth_path":"images/86.depth.png","cy":715.3917,"transform_matrix":[[0.7466847,0.4328041,-0.50511676,-0.5396837],[-0.027662363,0.77891773,0.626516,0.3190241],[0.664603,-0.4538371,0.5935783,0.15817735],[0,0,0,1]],"cx":950.5326,"w":1920,"file_path":"images/86","timestamp":519516.952202333,"fl_y":1597.8881,"h":1440,"fl_x":1597.8881},{"fl_x":1597.4362,"cy":715.4307,"file_path":"images/87","h":1440,"cx":950.4713,"depth_path":"images/87.depth.png","fl_y":1597.4362,"timestamp":519519.952703333,"transform_matrix":[[0.6343408,0.532114,-0.5607732,-0.6626672],[-0.042501003,0.74830836,0.66198826,0.23893341],[0.77188444,-0.39609265,0.4972979,-0.14211869],[0,0,0,0.99999994]],"w":1920},{"cy":715.6154,"w":1920,"h":1440,"cx":950.20245,"timestamp":519522.953204291,"fl_x":1596.9843,"depth_path":"images/88.depth.png","fl_y":1596.9843,"transform_matrix":[[0.42512125,0.749375,-0.5076506,-0.40915674],[-0.12208432,0.6032029,0.78818893,0.2553562],[0.89686537,-0.27309963,0.34792128,-0.45532954],[0,0,0,1]],"file_path":"images/88"},{"cx":950.29486,"fl_x":1597.4362,"fl_y":1597.4362,"transform_matrix":[[0.4410336,0.72056526,-0.53504664,-0.49598584],[-0.090940505,0.6289694,0.7720928,0.24315685],[0.8928713,-0.29186144,0.34292525,-0.42677298],[0,0,0,0.9999999]],"file_path":"images/89","h":1440,"depth_path":"images/89.depth.png","w":1920,"timestamp":519525.953705291,"cy":715.5848},{"transform_matrix":[[-0.42503837,0.69876575,-0.5753857,-0.24284771],[-0.15781268,0.5687215,0.807249,0.25622448],[0.89131224,0.433915,-0.13145433,-0.837278],[0,0,0,0.9999999]],"h":1440,"depth_path":"images/90.depth.png","cy":715.6663,"fl_x":1596.9843,"file_path":"images/90","timestamp":519528.95420625,"cx":950.0922,"w":1920,"fl_y":1596.9843},{"h":1440,"fl_x":1597.4362,"w":1920,"cy":715.58685,"transform_matrix":[[-0.3689997,0.6553578,-0.65904915,-0.57117003],[-0.24972367,0.61310667,0.7494922,0.29293412],[0.8952529,0.44114247,-0.062577814,-0.77034354],[0,0,0,1]],"depth_path":"images/91.depth.png","timestamp":519531.93803775,"fl_y":1597.4362,"cx":949.882,"file_path":"images/91"},{"transform_matrix":[[-0.32489476,0.69644576,-0.6398491,-0.5442911],[-0.2421887,0.59272474,0.76812893,0.28347358],[0.91421455,0.40452525,-0.023901857,-0.7773105],[0,0,0,1]],"cy":715.61646,"timestamp":519534.938538833,"file_path":"images/92","h":1440,"cx":949.9071,"w":1920,"depth_path":"images/92.depth.png","fl_x":1597.4362,"fl_y":1597.4362},{"fl_x":1596.9843,"h":1440,"cx":950.10815,"timestamp":519537.939039916,"depth_path":"images/93.depth.png","transform_matrix":[[0.24664572,0.8456425,-0.47334445,-0.17578645],[-0.15486243,0.5165501,0.84213644,0.26003623],[0.95665246,-0.13440605,0.25836316,-0.511485],[0,0,0,1]],"file_path":"images/93","cy":715.7213,"w":1920,"fl_y":1596.9843},{"transform_matrix":[[0.98939157,-0.033456977,0.14136966,0.29070622],[-0.08830281,0.63421994,0.76809376,0.2627856],[-0.11535756,-0.77242863,0.62453747,0.022385698],[0,0,0,1.0000001]],"cy":715.5993,"timestamp":519540.956210416,"cx":950.34064,"h":1440,"file_path":"images/94","fl_y":1597.4362,"fl_x":1597.4362,"depth_path":"images/94.depth.png","w":1920},{"timestamp":519543.956711416,"fl_x":1597.4362,"cy":715.5059,"h":1440,"w":1920,"fl_y":1597.4362,"cx":949.9549,"file_path":"images/95","depth_path":"images/95.depth.png","transform_matrix":[[0.68445057,-0.38014746,0.6221059,0.9838074],[-0.24611875,0.68272716,0.6879748,0.26366767],[-0.68626034,-0.62399656,0.3737315,0.0041240007],[0,0,0,1]]},{"cy":715.458,"h":1440,"w":1920,"cx":950.0276,"timestamp":519546.957212208,"fl_y":1597.4362,"transform_matrix":[[0.52361757,-0.48562518,0.69999516,1.0334911],[-0.21223986,0.72137606,0.65922016,0.19459704],[-0.82509345,-0.49374598,0.2746561,-0.37624696],[0,0,0,1.0000001]],"depth_path":"images/96.depth.png","fl_x":1597.4362,"file_path":"images/96"},{"depth_path":"images/97.depth.png","file_path":"images/97","transform_matrix":[[0.24635684,-0.5793886,0.7769281,1.1523764],[-0.21032292,0.750571,0.62642455,0.14455335],[-0.9460829,-0.3177297,0.06304956,-0.78834146],[0,0,0,1]],"fl_y":1597.4362,"cy":715.40424,"fl_x":1597.4362,"h":1440,"cx":950.0655,"timestamp":519549.95771325,"w":1920},{"depth_path":"images/98.depth.png","cy":715.366,"timestamp":519552.958214041,"transform_matrix":[[0.04822238,-0.6026004,0.7965851,1.2310638],[-0.1513084,0.7839021,0.6021658,0.15378739],[-0.9873099,-0.14956784,-0.053376857,-0.74967575],[0,0,0,1.0000001]],"w":1920,"file_path":"images/98","fl_y":1597.8881,"cx":950.23334,"h":1440,"fl_x":1597.8881},{"cx":950.54144,"w":1920,"h":1440,"depth_path":"images/99.depth.png","transform_matrix":[[-0.6692095,-0.536195,0.51444525,0.9025399],[-0.030166944,0.71135396,0.70218647,0.18096904],[-0.7424614,0.45439044,-0.4922201,-1.2581803],[0,0,0,1]],"cy":715.47626,"file_path":"images/99","timestamp":519555.958714916,"fl_x":1597.8881,"fl_y":1597.8881},{"h":1440,"cx":950.6932,"fl_y":1597.4362,"depth_path":"images/100.depth.png","transform_matrix":[[-0.81526536,-0.34799698,0.4628615,0.82637256],[0.027916336,0.77474684,0.6316551,0.19755876],[-0.5784145,0.5278878,-0.62190944,-1.4165317],[0,0,0,1]],"fl_x":1597.4362,"cy":715.40656,"file_path":"images/100","timestamp":519558.959215875,"w":1920},{"h":1440,"fl_y":1597.8881,"depth_path":"images/101.depth.png","fl_x":1597.8881,"cx":950.12836,"transform_matrix":[[-0.42028317,-0.70344776,0.5731696,1.0415416],[-0.16879316,0.68125033,0.7123251,0.21086591],[-0.8915554,0.20263115,-0.40505522,-1.1498057],[0,0,0,1]],"file_path":"images/101","cy":715.5079,"w":1920,"timestamp":519561.943047125},{"h":1440,"file_path":"images/102","transform_matrix":[[-0.42643872,-0.6788256,0.59778434,1.0234723],[-0.16763364,0.7087514,0.6852523,0.24159476],[-0.88884723,0.1920093,-0.416033,-1.1254168],[0,0,0,1]],"depth_path":"images/102.depth.png","cx":950.1449,"fl_y":1597.8881,"cy":715.47095,"w":1920,"fl_x":1597.8881,"timestamp":519564.943547791},{"cy":715.4676,"h":1440,"file_path":"images/103","w":1920,"fl_x":1597.4362,"timestamp":519567.9440485,"cx":950.48517,"depth_path":"images/103.depth.png","fl_y":1597.4362,"transform_matrix":[[-0.83889,-0.38877344,0.38094488,0.6615228],[-0.024221413,0.7258494,0.6874272,0.19646841],[-0.543762,0.56744874,-0.61832446,-1.3161461],[0,0,0,0.99999994]]},{"depth_path":"images/104.depth.png","fl_x":1597.4362,"h":1440,"timestamp":519570.944549041,"cx":950.03534,"w":1920,"cy":715.6981,"transform_matrix":[[-0.3037569,-0.8227298,0.4804658,0.80692846],[-0.17376265,0.54367495,0.8211115,0.19868731],[-0.9367702,0.16593128,-0.30810478,-0.8809064],[0,0,0,0.99999994]],"file_path":"images/104","fl_y":1597.4362},{"depth_path":"images/105.depth.png","fl_x":1597.4362,"fl_y":1597.4362,"cx":950.10315,"h":1440,"transform_matrix":[[0.16595976,-0.72958446,0.6634488,0.93406695],[-0.16441998,0.642889,0.74810433,0.2905215],[-0.972329,-0.23323941,-0.013264536,-0.5417221],[0,0,0,1.0000001]],"cy":715.5568,"timestamp":519573.96171925,"file_path":"images/105","w":1920},{"timestamp":519576.962219791,"cx":950.14325,"cy":715.5351,"fl_y":1596.9843,"h":1440,"fl_x":1596.9843,"file_path":"images/106","depth_path":"images/106.depth.png","w":1920,"transform_matrix":[[0.9696938,-0.04741775,0.23967883,0.5267705],[-0.14830795,0.6653454,0.7316561,0.22712743],[-0.19416265,-0.74502844,0.6381488,0.10306419],[0,0,0,1]]},{"cx":950.3718,"timestamp":519579.9627205,"h":1440,"depth_path":"images/107.depth.png","fl_x":1597.4362,"transform_matrix":[[0.9938694,0.11052615,0.0027338762,0.13646546],[-0.08565236,0.7540937,0.6511576,0.26279378],[0.06990836,-0.64739984,0.7589376,0.39841592],[0,0,0,0.99999994]],"file_path":"images/107","fl_y":1597.4362,"w":1920,"cy":715.4179},{"transform_matrix":[[0.9703335,0.23722336,-0.046670258,-0.002979781],[-0.14523102,0.7262412,0.67192394,0.25491664],[0.1932899,-0.6452123,0.7391483,0.34481695],[0,0,0,0.99999994]],"file_path":"images/108","cy":715.45166,"w":1920,"cx":950.22,"h":1440,"fl_y":1597.4362,"depth_path":"images/108.depth.png","timestamp":519582.963221083,"fl_x":1597.4362},{"w":1920,"file_path":"images/109","timestamp":519585.963721666,"cx":950.2954,"h":1440,"fl_y":1597.4362,"depth_path":"images/109.depth.png","transform_matrix":[[0.84310603,0.43745032,-0.31274542,-0.18293998],[-0.104598954,0.70388365,0.7025718,0.22665864],[0.5274766,-0.5596296,0.63920534,0.05740232],[0,0,0,1.0000001]],"fl_x":1597.4362,"cy":715.47687},{"cx":950.26904,"transform_matrix":[[0.5643547,0.6373116,-0.5247266,-0.37505305],[-0.11207934,0.68888754,0.7161512,0.23850718],[0.817889,-0.34535226,0.4602064,-0.22049484],[0,0,0,1]],"fl_y":1597.8881,"fl_x":1597.8881,"timestamp":519588.947552958,"cy":715.5015,"w":1920,"h":1440,"depth_path":"images/110.depth.png","file_path":"images/110"},{"fl_x":1596.9843,"cy":715.5685,"fl_y":1596.9843,"timestamp":519591.948053416,"cx":950.2708,"w":1920,"depth_path":"images/111.depth.png","file_path":"images/111","transform_matrix":[[0.99010044,0.13427278,0.04088902,0.18636829],[-0.11867018,0.6452197,0.7547244,0.22258066],[0.07495654,-0.7521053,0.6547665,0.14213756],[0,0,0,0.9999998]],"h":1440},{"h":1440,"timestamp":519594.948553833,"depth_path":"images/112.depth.png","cx":950.3135,"transform_matrix":[[0.9492674,-0.11676162,0.29199028,0.5916107],[-0.10901508,0.7487529,0.6538233,0.24681705],[-0.29497004,-0.6524845,0.6980379,0.22604561],[0,0,0,1]],"file_path":"images/112","w":1920,"cy":715.4307,"fl_x":1597.8881,"fl_y":1597.8881},{"w":1920,"cx":950.3251,"transform_matrix":[[0.9645478,-0.09715169,0.24537632,0.6495647],[-0.10245385,0.71900624,0.6874107,0.23557964],[-0.24321018,-0.6881801,0.6835622,0.22874853],[0,0,0,1]],"file_path":"images/113","h":1440,"cy":715.46796,"depth_path":"images/113.depth.png","fl_x":1597.8881,"timestamp":519597.949054333,"fl_y":1597.8881},{"fl_y":1597.4362,"fl_x":1597.4362,"file_path":"images/114","cx":950.2257,"w":1920,"cy":715.3953,"h":1440,"transform_matrix":[[0.81233,-0.26591215,0.5190479,0.9480912],[-0.14711857,0.7677851,0.62358826,0.25989145],[-0.56433696,-0.582921,0.5845742,0.1197844],[0,0,0,1]],"timestamp":519600.949554666,"depth_path":"images/114.depth.png"},{"w":1920,"timestamp":519603.950055,"cy":715.4058,"file_path":"images/115","fl_x":1597.4362,"cx":950.0622,"h":1440,"depth_path":"images/115.depth.png","fl_y":1597.4362,"transform_matrix":[[0.64268726,-0.37269315,0.66936785,1.031978],[-0.21345054,0.7520016,0.6236449,0.16342287],[-0.7357937,-0.5436854,0.40375018,-0.23957106],[0,0,0,1]]},{"fl_y":1597.8881,"h":1440,"cx":950.04016,"fl_x":1597.8881,"transform_matrix":[[0.3376072,-0.56342095,0.7540415,1.0873793],[-0.22131023,0.73110706,0.6453716