[{"id": 0, "img_name": "0", "width": 1900, "height": 1425, "position": [-3.8559646047481952, -3.3516167965226344, 1.6728847728006264], "rotation": [[-0.5835504971732259, -0.4704169844379693, 0.6619491506159427], [0.5155658593985035, 0.41517296207838983, 0.7495487016743729], [-0.6274238295375486, 0.7786779002330445, 0.0002565484236889199]], "fy": 1583.7015461899566, "fx": 1583.0027154577142}, {"id": 1, "img_name": "1", "width": 1900, "height": 1425, "position": [-3.836464048552079, -2.2263191253621484, 0.6999808012721414], "rotation": [[-0.48819624577361287, -0.517177368504845, 0.7029879053859703], [0.6133954260079734, 0.3696541679699079, 0.6979268209883985], [-0.620814365946091, 0.771934819533929, 0.13677045523823447]], "fy": 1583.7015461899566, "fx": 1583.0027154577142}, {"id": 2, "img_name": "10", "width": 1900, "height": 1425, "position": [2.122529489828601, -2.9843726804690554, 2.7076162335156906], "rotation": [[-0.927689817621006, 0.1908580131849073, -0.3208813193151228], [-0.2650973289741184, 0.2684630618576556, 0.926094482538796], [0.26289733443512137, 0.9441932022743663, -0.19845449938407908]], "fy": 1583.7015461899566, "fx": 1583.0027154577142}, {"id": 3, "img_name": "100", "width": 1900, "height": 1425, "position": [3.0538278713245455, -1.5914994698608276, 4.805649722928649], "rotation": [[-0.8470649499929025, 0.29912733078147785, -0.4393219895168797], [-0.27529909833484156, 0.4601195417169502, 0.8440973959124665], [0.4546332334415778, 0.8359502660503986, -0.3074016521437766]], "fy": 1583.7015461899566, "fx": 1583.0027154577142}, {"id": 4, "img_name": "101", "width": 1900, "height": 1425, "position": [1.569285723620158, -3.2332645409375798, 3.5999453690876972], "rotation": [[-0.9712319002100407, 0.15117272840374285, -0.1839983755400063], [-0.14187472014531421, 0.2532391660144049, 0.9569438272856026], [0.19125940446964104, 0.9555190898057958, -0.2245063678798917]], "fy": 1583.7015461899566, "fx": 1583.0027154577142}, {"id": 5, "img_name": "102", "width": 1900, "height": 1425, "position": [-1.0165624509646456, -2.431748135608034, 2.251740671384227], "rotation": [[-0.943481441010722, -0.1129385585007638, 0.31158891583639525], [0.3034181294675727, 0.08391247952051653, 0.949155484887022], [-0.1333424507751752, 0.9900523106303467, -0.044902260931733384]], "fy": 1583.7015461899566, "fx": 1583.0027154577142}, {"id": 6, "img_name": "103", "width": 1900, "height": 1425, "position": [-3.160590271620351, -2.04116879914523, 1.2546390332668635], "rotation": [[-0.4868484633701319, -0.5318315680202642, 0.6929168470828576], [0.652506791237869, 0.3059449381574309, 0.693276699597142], [-0.5807008361476685, 0.7896536443738819, 0.19807488691009173]], "fy": 1583.7015461899566, "fx": 1583.0027154577142}, {"id": 7, "img_name": "104", "width": 1900, "height": 1425, "position": [-3.3082382118978333, -0.3509102884988248, -0.6789255296127064], "rotation": [[0.019636574693928235, -0.7066441385893624, 0.7072965900749046], [0.7654816197488854, 0.4657049556421642, 0.4440234049202283], [-0.6431580635900577, 0.5327034406568328, 0.5500679499402408]], "fy": 1583.7015461899566, "fx": 1583.0027154577142}, {"id": 8, "img_name": "105", "width": 1900, "height": 1425, "position": [-1.4983316211635216, 1.7773670722447048, -2.8423100812309805], "rotation": [[0.7257351840355345, -0.5420931769017174, 0.42360763710007837], [0.5877197411883118, 0.8085849480448323, 0.027854759250077674], [-0.35762263416966816, 0.2287473920112298, 0.9054174077063066]], "fy": 1583.7015461899566, "fx": 1583.0027154577142}, {"id": 9, "img_name": "106", "width": 1900, "height": 1425, "position": [1.8508226572867925, 2.309309418446871, -2.9433275871537012], "rotation": [[0.9438057840593025, -0.20960566395960575, -0.25553103062496735], [0.17770823755161816, 0.97373158287385, -0.14236076292393388], [0.2786582571583029, 0.08895094237859232, 0.9562621531606579]], "fy": 1583.7015461899566, "fx": 1583.0027154577142}, {"id": 10, "img_name": "107", "width": 1900, "height": 1425, "position": [2.3359818672307107, 4.256741854933495, -2.4659776476820365], "rotation": [[0.8917797365869812, 0.02387692676810193, -0.45183934510062856], [-0.1696562125761548, 0.9433961863683424, -0.28499193862280026], [0.4194587833711064, 0.3308073879371168, 0.8453524715401577]], "fy": 1583.7015461899566, "fx": 1583.0027154577142}, {"id": 11, "img_name": "108", "width": 1900, "height": 1425, "position": [0.21533249899105486, 3.6810343958191343, -2.626135525327935], "rotation": [[0.9779699645368816, -0.11898871136582849, -0.17151220082323665], [0.09086125255641146, 0.9823617435934089, -0.16343083401854522], [0.187933448985567, 0.14424663355384354, 0.9715317428992079]], "fy": 1583.7015461899566, "fx": 1583.0027154577142}, {"id": 12, "img_name": "109", "width": 1900, "height": 1425, "position": [-2.020836518821012, 1.7079971894380683, -1.8776803936837172], "rotation": [[0.7144037595756809, -0.5354933634497372, 0.45041550373562855], [0.5753342236026904, 0.8158967345074315, 0.05747216518976269], [-0.3982685017116241, 0.21808112325783155, 0.8909673530623782]], "fy": 1583.7015461899566, "fx": 1583.0027154577142}, {"id": 13, "img_name": "11", "width": 1900, "height": 1425, "position": [-3.0182930567538793, -1.5070431599782526, 0.4266961474692974], "rotation": [[-0.3886254882422647, -0.6081328882837764, 0.6922027304743121], [0.6631117185778351, 0.33700235484867486, 0.6683653652839875], [-0.6397289102215185, 0.7187515586168003, 0.2722923399816983]], "fy": 1583.7015461899566, "fx": 1583.0027154577142}, {"id": 14, "img_name": "110", "width": 1900, "height": 1425, "position": [-2.407240984271138, 0.5789886096694475, -1.4498190394260646], "rotation": [[0.4149444792070733, -0.6861321938949207, 0.5975313311254179], [0.6589112541640708, 0.6794948532868601, 0.3226804975399039], [-0.627420941881527, 0.2598256277922009, 0.7340528624226502]], "fy": 1583.7015461899566, "fx": 1583.0027154577142}, {"id": 15, "img_name": "111", "width": 1900, "height": 1425, "position": [-2.4805039305505523, -0.8057927765087172, -0.41767526700382324], "rotation": [[-0.05509968763466558, -0.7640679312521137, 0.642778516173866], [0.7195522082842916, 0.4159324508696717, 0.5560978473854646], [-0.6922489754241327, 0.4931535184358548, 0.5268690190916291]], "fy": 1583.7015461899566, "fx": 1583.0027154577142}, {"id": 16, "img_name": "112", "width": 1900, "height": 1425, "position": [-0.6158271588924299, -0.49251384055247993, 0.15049708000332188], "rotation": [[-0.06859677848232147, -0.8202825693484926, 0.5678300700076411], [0.7259623187728881, 0.3493638499428281, 0.592388058687054], [-0.6843048982023573, 0.452859146729047, 0.5715290014689551]], "fy": 1583.7015461899566, "fx": 1583.0027154577142}, {"id": 17, "img_name": "115", "width": 1900, "height": 1425, "position": [-1.1447960402531456, 0.2370053983520184, 0.2306816279036634], "rotation": [[-0.15163506789603767, -0.8791600026492399, 0.45175712050387495], [0.7148289182432428, 0.2181174042647197, 0.6644128352161902], [-0.6826612804512641, 0.42367733913747313, 0.5953747462514944]], "fy": 1583.7015461899566, "fx": 1583.0027154577142}, {"id": 18, "img_name": "116", "width": 1900, "height": 1425, "position": [-1.0864362384068251, -0.481819634138475, 0.9779242153216716], "rotation": [[-0.127385160971732, -0.8723415822700316, 0.47200972935610486], [0.702960555263483, 0.2563224846180935, 0.6634344290303772], [-0.6997281461452449, 0.41631592297415765, 0.5805700420882167]], "fy": 1583.7015461899566, "fx": 1583.0027154577142}, {"id": 19, "img_name": "117", "width": 1900, "height": 1425, "position": [-2.2198233788571335, -0.6668993660636513, 1.2832310772825894], "rotation": [[-0.29642100912400765, -0.7341731754420802, 0.6108390408374345], [0.6771407741749975, 0.2894786991873971, 0.6765223238492998], [-0.6735094337123937, 0.614159450939302, 0.4113310242643333]], "fy": 1583.7015461899566, "fx": 1583.0027154577142}, {"id": 20, "img_name": "118", "width": 1900, "height": 1425, "position": [-1.948420854494776, 1.0108086486088523, -0.28292792076878254], "rotation": [[0.38766652022414066, -0.7781179615724169, 0.4942136248381794], [0.8072354522371635, 0.5454319279332841, 0.22555473092454342], [-0.44506807765640566, 0.3115067412904053, 0.8395701021248102]], "fy": 1583.7015461899566, "fx": 1583.0027154577142}, {"id": 21, "img_name": "119", "width": 1900, "height": 1425, "position": [-0.5695998757874174, 1.4835012178465368, -0.9222857946654954], "rotation": [[0.7884946271684169, -0.566303634196948, 0.23995086334887059], [0.5850121515887791, 0.8109809428656394, -0.008407901178397825], [-0.18983415240679577, 0.1470037557482375, 0.9707486236796351]], "fy": 1583.7015461899566, "fx": 1583.0027154577142}, {"id": 22, "img_name": "12", "width": 1900, "height": 1425, "position": [-0.8317858546683725, 2.0682218168844435, -3.2558798748430906], "rotation": [[0.8660447376464092, -0.4124028666892593, 0.28264887748130774], [0.438950893342477, 0.8978304120537458, -0.03496661872762053], [-0.23935042433387013, 0.15435163341501246, 0.9585859104083024]], "fy": 1583.7015461899566, "fx": 1583.0027154577142}, {"id": 23, "img_name": "120", "width": 1900, "height": 1425, "position": [0.6158709640138679, 1.0924782089562919, -1.3371161031425425], "rotation": [[0.9452399074541261, -0.3241750435990934, -0.03784254832382637], [0.3227807939742649, 0.9456847994003105, -0.038637018836054283], [0.04831227998613119, 0.024306404314921117, 0.9985364902254805]], "fy": 1583.7015461899566, "fx": 1583.0027154577142}, {"id": 24, "img_name": "121", "width": 1900, "height": 1425, "position": [0.6009869190830383, 1.9118477678613846, -2.2910283249204317], "rotation": [[0.9735646106389565, -0.17056571813316282, -0.15191867794690503], [0.1559152241073741, 0.98231117822, -0.10370724196304988], [0.1669203157286863, 0.077279265924009, 0.9829371919178163]], "fy": 1583.7015461899566, "fx": 1583.0027154577142}, {"id": 25, "img_name": "13", "width": 1900, "height": 1425, "position": [1.0149349291796996, 1.902355652063578, -2.7942913158757112], "rotation": [[0.9767018225613926, -0.10458468522763766, -0.18739155109313205], [0.08583763256663031, 0.9907048259821786, -0.10552653036548477], [0.19668617297769087, 0.08698270742772593, 0.9766005109398277]], "fy": 1583.7015461899566, "fx": 1583.0027154577142}, {"id": 26, "img_name": "14", "width": 1900, "height": 1425, "position": [2.2821452887564457, 1.3866829194335655, -1.902791325912764], "rotation": [[0.8263307375837063, 0.12777531429460853, -0.5484988433727841], [-0.19754600088411067, 0.9778036551177551, -0.06982542211152962], [0.527402208621715, 0.16605264555336766, 0.8332307178961087]], "fy": 1583.7015461899566, "fx": 1583.0027154577142}, {"id": 27, "img_name": "15", "width": 1900, "height": 1425, "position": [2.921691272472439, 0.6159185626608712, -0.9012955106609031], "rotation": [[0.5656275893256373, 0.3000699251517413, -0.7681298524423437], [-0.3925033088015754, 0.9171396667983696, 0.0692530444442027], [0.725263112789754, 0.2623220760904503, 0.6365379372999795]], "fy": 1583.7015461899566, "fx": 1583.0027154577142}, {"id": 28, "img_name": "16", "width": 1900, "height": 1425, "position": [3.1760124791688265, -0.3708409435267197, 0.34588803765230186], "rotation": [[0.22760686991831575, 0.44184630049596196, -0.8677366878863764], [-0.5189273021076617, 0.8090815213352553, 0.2758650883332144], [0.8239596882695477, 0.3875034691094531, 0.4134386212424873]], "fy": 1583.7015461899566, "fx": 1583.0027154577142}, {"id": 29, "img_name": "17", "width": 1900, "height": 1425, "position": [2.999133259671126, -1.2348149697234636, 1.2799112674447595], "rotation": [[-0.20744693165271857, 0.49253569201246233, -0.8452066981760598], [-0.5446787549524578, 0.6595302489872719, 0.5180201777674569], [0.8125828108268799, 0.5678278284520688, 0.13145620101043207]], "fy": 1583.7015461899566, "fx": 1583.0027154577142}, {"id": 30, "img_name": "18", "width": 1900, "height": 1425, "position": [1.6602058085888916, -2.321056035784391, 2.2509756351436376], "rotation": [[-0.8808590618654639, 0.2239309995581884, -0.4170638087467737], [-0.3305191796536491, 0.3397873793834589, 0.8805121286460512], [0.33888697970056875, 0.9134546755305335, -0.22529130196444394]], "fy": 1583.7015461899566, "fx": 1583.0027154577142}, {"id": 31, "img_name": "19", "width": 1900, "height": 1425, "position": [-0.47837336740469094, -2.606733789379352, 2.2445917152818273], "rotation": [[-0.9841963134646421, -0.10639472678026217, 0.14155486101141504], [0.11433724728475518, 0.2286048392030721, 0.966781682375231], [-0.13522059919240267, 0.9676879608666683, -0.2128271597981721]], "fy": 1583.7015461899566, "fx": 1583.0027154577142}, {"id": 32, "img_name": "2", "width": 1900, "height": 1425, "position": [-3.52672662554124, -0.5548961796236173, -1.0362010778505875], "rotation": [[-0.03325604996460051, -0.6430023878091655, 0.765141793664719], [0.7637151421791448, 0.47748102936756043, 0.4344548862659773], [-0.6446962205155544, 0.598798627140883, 0.4751915270574099]], "fy": 1583.7015461899566, "fx": 1583.0027154577142}, {"id": 33, "img_name": "20", "width": 1900, "height": 1425, "position": [-2.029159664629674, -2.1091845340733966, 1.336476508574329], "rotation": [[-0.6844280380984533, -0.4536217948369144, 0.5707762503062278], [0.5078442954893709, 0.26509259304427013, 0.8196463192450566], [-0.5231179907091765, 0.850854384934344, 0.04893243744585536]], "fy": 1583.7015461899566, "fx": 1583.0027154577142}, {"id": 34, "img_name": "21", "width": 1900, "height": 1425, "position": [-2.8799002918748196, -1.2393823201333072, 0.2101551320441817], "rotation": [[-0.2331001838972098, -0.6560382035753498, 0.7178287955471796], [0.678783979682647, 0.41882251627401174, 0.60319151916128], [-0.6963595430474653, 0.6278547406140474, 0.3476806170829663]], "fy": 1583.7015461899566, "fx": 1583.0027154577142}, {"id": 35, "img_name": "22", "width": 1900, "height": 1425, "position": [-2.834779479728566, 0.08943568659663936, -1.2491218253268264], "rotation": [[0.2977954601495077, -0.6716234099622591, 0.6784098017459724], [0.7143325077864247, 0.628206978113396, 0.3083586563876428], [-0.6332826637717947, 0.39278236701805, 0.6668396208428214]], "fy": 1583.7015461899566, "fx": 1583.0027154577142}, {"id": 36, "img_name": "23", "width": 1900, "height": 1425, "position": [-0.6953130295909034, 1.5882774930954986, -2.6677848963923645], "rotation": [[0.8826673546745168, -0.39802878027319416, 0.24994285560128307], [0.417961920562574, 0.9079655426412907, -0.03010658293049983], [-0.21495621403331208, 0.13104069387155967, 0.9677924171009633]], "fy": 1583.7015461899566, "fx": 1583.0027154577142}, {"id": 37, "img_name": "24", "width": 1900, "height": 1425, "position": [1.3553140829543089, 1.907216001820946, -2.725511905955966], "rotation": [[0.9666997745860877, -0.007823881185144408, -0.2557935352944008], [-0.015670356484681548, 0.9958472211041147, -0.08968139242259518], [0.25543293785815907, 0.09070335772402947, 0.9625626811562646]], "fy": 1583.7015461899566, "fx": 1583.0027154577142}, {"id": 38, "img_name": "25", "width": 1900, "height": 1425, "position": [2.819178750486879, 1.1210822280380115, -1.6403342624241009], "rotation": [[0.718975144836297, 0.29465151918318705, -0.6294880645021522], [-0.36829659091110306, 0.9295956908648604, 0.014473169961778519], [0.5894339337286965, 0.22143245870586112, 0.7768753465007061]], "fy": 1583.7015461899566, "fx": 1583.0027154577142}, {"id": 39, "img_name": "26", "width": 1900, "height": 1425, "position": [3.253903476249255, -0.1307082778486225, -0.13434503179649535], "rotation": [[0.23952544355532043, 0.5164218567223678, -0.822153287282274], [-0.6085849818348213, 0.7396523163690257, 0.2872956156557994], [0.7564733186139069, 0.43153553363466707, 0.49145213544749805]], "fy": 1583.7015461899566, "fx": 1583.0027154577142}, {"id": 40, "img_name": "27", "width": 1900, "height": 1425, "position": [2.7859165883261157, -1.5142241909419156, 1.3882828606703044], "rotation": [[-0.4190425925878335, 0.5163371512707393, -0.7468595931062846], [-0.6018634196203065, 0.4579205536075271, 0.6542699677554571], [0.6798262496551734, 0.7236744522237841, 0.11887622755786043]], "fy": 1583.7015461899566, "fx": 1583.0027154577142}, {"id": 41, "img_name": "28", "width": 1900, "height": 1425, "position": [1.2083909508417385, -2.606427475486119, 2.3597639584061114], "rotation": [[-0.9636229909432552, 0.10597959348475378, -0.24535496141382981], [-0.22155032986646514, 0.1967156184507166, 0.955101259968603], [0.14948639624272192, 0.9747160054202243, -0.16607987872107077]], "fy": 1583.7015461899566, "fx": 1583.0027154577142}, {"id": 42, "img_name": "29", "width": 1900, "height": 1425, "position": [0.14280564776387505, -2.738765600388382, 2.316527652953099], "rotation": [[-0.9956160337178313, -0.08603308844601824, -0.03670178601120976], [-0.05148622588945323, 0.17649415042592273, 0.9829542122647889], [-0.0780889361410003, 0.9805346105864244, -0.18014992504715407]], "fy": 1583.7015461899566, "fx": 1583.0027154577142}, {"id": 43, "img_name": "3", "width": 1900, "height": 1425, "position": [-2.9755040579111682, 0.9679229815004696, -2.648815296913787], "rotation": [[0.43158136585270174, -0.6589640671348944, 0.6160388647429272], [0.7380567627771372, 0.6505985792427479, 0.17886783837864953], [-0.5186614884176856, 0.37747562426248965, 0.7671391096274486]], "fy": 1583.7015461899566, "fx": 1583.0027154577142}, {"id": 44, "img_name": "30", "width": 1900, "height": 1425, "position": [-1.9111079187027484, -2.453579440339505, 1.7042954166764823], "rotation": [[-0.790555641485106, -0.4355945293433355, 0.43044068548666437], [0.3750462260091575, 0.2112648188995774, 0.9026114915353205], [-0.484109601301564, 0.8749997613151027, -0.0036485101279365635]], "fy": 1583.7015461899566, "fx": 1583.0027154577142}, {"id": 45, "img_name": "31", "width": 1900, "height": 1425, "position": [-3.2121259491624263, -1.5127391438785303, 0.4334350468988604], "rotation": [[-0.2478716462196632, -0.6868660082258828, 0.683209143486967], [0.650392464088273, 0.4046880601214362, 0.6428197388477841], [-0.7180176109661508, 0.6036908652108214, 0.34642177992076556]], "fy": 1583.7015461899566, "fx": 1583.0027154577142}, {"id": 46, "img_name": "32", "width": 1900, "height": 1425, "position": [-3.3324363113317044, -0.18939357905450116, -1.0980195384359444], "rotation": [[0.1765143863498655, -0.6686104656719299, 0.7223591327071982], [0.68065783210263, 0.6130424189949263, 0.40110336337432645], [-0.7110186966661834, 0.42087888721913114, 0.5633057564807123]], "fy": 1583.7015461899566, "fx": 1583.0027154577142}, {"id": 47, "img_name": "33", "width": 1900, "height": 1425, "position": [-2.3420374699917192, 1.1963570068923237, -2.4780047623398636], "rotation": [[0.6116827651256211, -0.5503202510403697, 0.5683236895846755], [0.5849851143538581, 0.7982717823541416, 0.1433686767796418], [-0.5325754508355388, 0.24476474989672528, 0.8102182461382341]], "fy": 1583.7015461899566, "fx": 1583.0027154577142}, {"id": 48, "img_name": "34", "width": 1900, "height": 1425, "position": [-0.35836220919846534, 1.9725321000369345, -3.0295411599473834], "rotation": [[0.9418626455481958, -0.28890890440688566, 0.17154125415003454], [0.3060537519144643, 0.9483744859395569, -0.08316811503190762], [-0.13865733972651162, 0.13083378528993994, 0.9816601564526659]], "fy": 1583.7015461899566, "fx": 1583.0027154577142}, {"id": 49, "img_name": "35", "width": 1900, "height": 1425, "position": [1.7819376918738596, 1.883082092572312, -2.624894843424959], "rotation": [[0.9070546435842238, 0.13429429267286658, -0.39901994499998494], [-0.18289487560294396, 0.9793508773074454, -0.08614710439312977], [0.3792114687486129, 0.15111883427498898, 0.9128864989125912]], "fy": 1583.7015461899566, "fx": 1583.0027154577142}, {"id": 50, "img_name": "36", "width": 1900, "height": 1425, "position": [3.041557953998115, 0.8810997242349413, -1.2554408852374996], "rotation": [[0.4570806413269399, 0.3941420087810102, -0.7973263850132034], [-0.5046182486169776, 0.8531232147819822, 0.13244320882095176], [0.7324190811870531, 0.3418082171541903, 0.5888373563209]], "fy": 1583.7015461899566, "fx": 1583.0027154577142}, {"id": 51, "img_name": "37", "width": 1900, "height": 1425, "position": [3.2888633875936684, -0.5907000134516764, 0.47844621559028355], "rotation": [[-0.08049566001622777, 0.4865511774362931, -0.8699358599654968], [-0.5963002213265312, 0.6758562730421445, 0.43317934419304], [0.7987155280601981, 0.5536120030535276, 0.23572707801731077]], "fy": 1583.7015461899566, "fx": 1583.0027154577142}, {"id": 52, "img_name": "38", "width": 1900, "height": 1425, "position": [2.088758062393868, -1.8340295479149882, 1.683116659430173], "rotation": [[-0.8089684073846273, 0.2943277576536947, -0.5088627387892805], [-0.4184330810215775, 0.31969826792184547, 0.8501216231778613], [0.41289692728375854, 0.9006465391941056, -0.1354693281791513]], "fy": 1583.7015461899566, "fx": 1583.0027154577142}, {"id": 53, "img_name": "39", "width": 1900, "height": 1425, "position": [0.6036815772470235, -2.1971379640230064, 1.597356426998213], "rotation": [[-0.9988289836131589, 0.028666891874155123, -0.03897269306296106], [-0.03818729825166957, 0.02745280325529346, 0.9988934246683497], [0.02970507947375851, 0.9992119659530212, -0.02632594442287013]], "fy": 1583.7015461899566, "fx": 1583.0027154577142}, {"id": 54, "img_name": "4", "width": 1900, "height": 1425, "position": [-1.581152838412367, 2.372536186685293, -4.007744766262571], "rotation": [[0.7890427404003559, -0.4820882756440173, 0.3807918700656235], [0.5407688012009477, 0.83915931659855, -0.058144174373230585], [-0.2915144206882167, 0.2517986017682242, 0.9228308656944567]], "fy": 1583.7015461899566, "fx": 1583.0027154577142}, {"id": 55, "img_name": "40", "width": 1900, "height": 1425, "position": [-1.2443552478985047, -1.3536559578052236, 0.2975692569328256], "rotation": [[-0.5514775026029913, -0.6488319837558584, 0.524299171254547], [0.5889006984836402, 0.14233686102787835, 0.7955728661274282], [-0.590820219227683, 0.7475006855168547, 0.3036020317843479]], "fy": 1583.7015461899566, "fx": 1583.0027154577142}, {"id": 56, "img_name": "41", "width": 1900, "height": 1425, "position": [-1.1687624854978986, -0.15103999340801055, -1.0089103482588215], "rotation": [[0.12838127512688638, -0.820115212625416, 0.5576103354647968], [0.7697746541443232, 0.4369067887195301, 0.4653594737488164], [-0.6252721247855066, 0.36949086049746427, 0.6873945548046342]], "fy": 1583.7015461899566, "fx": 1583.0027154577142}, {"id": 57, "img_name": "42", "width": 1900, "height": 1425, "position": [0.7804270053141462, 1.0161465642430902, -2.0041789297855406], "rotation": [[0.9528054862069657, -0.30357749645454385, -0.0015521276684202995], [0.3022794378799261, 0.9482335987163028, 0.09736623490987877], [-0.028086418228452682, -0.09324025907257665, 0.9952474100439426]], "fy": 1583.7015461899566, "fx": 1583.0027154577142}, {"id": 58, "img_name": "43", "width": 1900, "height": 1425, "position": [2.2231910156614956, 0.5268630386783084, -1.2117678772310938], "rotation": [[0.8592202911409522, 0.21530943101035255, -0.46409302969302973], [-0.14907641179048114, 0.9731320700772876, 0.1754713584456678], [0.4894044490391685, -0.08158322808697499, 0.868232377970078]], "fy": 1583.7015461899566, "fx": 1583.0027154577142}, {"id": 59, "img_name": "44", "width": 1900, "height": 1425, "position": [2.5235178385954344, -0.6645633288519199, 0.2830424236473601], "rotation": [[0.22999901088877295, 0.6396944454919086, -0.7334108476133862], [-0.47384691747638474, 0.7318610064065981, 0.48974336759128195], [0.850040913008494, 0.23488397925001403, 0.4714445487046857]], "fy": 1583.7015461899566, "fx": 1583.0027154577142}, {"id": 60, "img_name": "45", "width": 1900, "height": 1425, "position": [0.723699927492743, -2.272992171502391, 1.7222640192776315], "rotation": [[-0.972521748555246, 0.20737470975655606, -0.10581672051444042], [-0.08876677043191522, 0.0898918090338563, 0.9919878644094938], [0.2152252518970177, 0.9741227809788686, -0.06901375604805489]], "fy": 1583.7015461899566, "fx": 1583.0027154577142}, {"id": 61, "img_name": "46", "width": 1900, "height": 1425, "position": [-1.182605783888822, -2.0156058103337258, 1.1399444535898147], "rotation": [[-0.7600134464195941, -0.45304808571152505, 0.4659688758860754], [0.47752747001493534, 0.09706433537991585, 0.8732388162343622], [-0.44084813330958444, 0.8861861806812255, 0.14257270610841724]], "fy": 1583.7015461899566, "fx": 1583.0027154577142}, {"id": 62, "img_name": "47", "width": 1900, "height": 1425, "position": [-2.2012252341825196, -0.3719897866856297, -0.8927263543170536], "rotation": [[0.019803325197672052, -0.7736845800356029, 0.6332613985758548], [0.7705516373123008, 0.4154006849242781, 0.483417464723579], [-0.6370698568810546, 0.47838733425914753, 0.604390234760605]], "fy": 1583.7015461899566, "fx": 1583.0027154577142}, {"id": 63, "img_name": "48", "width": 1900, "height": 1425, "position": [-1.5319839171854668, 0.77975738068471, -2.121169374083544], "rotation": [[0.6138655007970906, -0.6715634759523023, 0.4149357115240851], [0.6621077157027784, 0.7242324826494779, 0.19261537810419535], [-0.42986337333853614, 0.15649220057956637, 0.8892286946673389]], "fy": 1583.7015461899566, "fx": 1583.0027154577142}, {"id": 64, "img_name": "49", "width": 1900, "height": 1425, "position": [1.5246657759636788, 0.8939225159465249, -2.007956312685096], "rotation": [[0.9508103863371525, -0.023529405280716096, -0.308878578604167], [0.05386757067332367, 0.9944782747230317, 0.0900624557385408], [0.3050539199275257, -0.10227085699767041, 0.9468277444951709]], "fy": 1583.7015461899566, "fx": 1583.0027154577142}, {"id": 65, "img_name": "5", "width": 1900, "height": 1425, "position": [0.7379384299063324, 2.6244347789376916, -3.964269210520064], "rotation": [[0.9738977903930321, -0.20200217602829051, -0.10352881119478309], [0.17981203382092042, 0.9649310812482005, -0.19124759066289596], [0.13853059720059563, 0.16763987986458942, 0.9760666700170805]], "fy": 1583.7015461899566, "fx": 1583.0027154577142}, {"id": 66, "img_name": "50", "width": 1900, "height": 1425, "position": [2.5601031629800355, -0.16587405593417667, -0.6411251264370316], "rotation": [[0.46501174934924855, 0.6215902051938765, -0.6303885228763181], [-0.4582906687542051, 0.7782400099084932, 0.4293159092212304], [0.7574521343952865, 0.08926423575353562, 0.6467597392504901]], "fy": 1583.7015461899566, "fx": 1583.0027154577142}, {"id": 67, "img_name": "51", "width": 1900, "height": 1425, "position": [2.33229423414099, -1.401629442209599, 0.49908942383862476], "rotation": [[-0.4039721310294122, 0.7261413923919734, -0.5563498859590078], [-0.513769619387278, 0.323101094412131, 0.7947618894891314], [0.7568667620831334, 0.6068973233132019, 0.24254554914296872]], "fy": 1583.7015461899566, "fx": 1583.0027154577142}, {"id": 68, "img_name": "52", "width": 1900, "height": 1425, "position": [-0.03158315912212173, -2.5567232792011754, 1.0276941194991898], "rotation": [[-0.9709770598222818, -0.20849525501251334, 0.1171890691837054], [0.11875437128653207, 0.005038634051712146, 0.992910877907596], [-0.2076076795285202, 0.9780103991288435, 0.01986732484818478]], "fy": 1583.7015461899566, "fx": 1583.0027154577142}, {"id": 69, "img_name": "53", "width": 1900, "height": 1425, "position": [-1.792808951999673, -2.128640761084702, 0.24374769721570702], "rotation": [[-0.442753991033149, -0.6843110326420696, 0.5793852897930372], [0.6042159146851271, 0.24972399802985196, 0.7566776415681921], [-0.6624892692454971, 0.6850958585572755, 0.3029053197324811]], "fy": 1583.7015461899566, "fx": 1583.0027154577142}, {"id": 70, "img_name": "54", "width": 1900, "height": 1425, "position": [-2.055118477313144, -0.581378985296687, -1.5394640512317546], "rotation": [[0.27171046537858823, -0.7641334089892925, 0.5850414996136204], [0.6921877211339665, 0.5775194902048256, 0.43283645542505367], [-0.668617664824313, 0.28735234764999035, 0.6858418524593859]], "fy": 1583.7015461899566, "fx": 1583.0027154577142}, {"id": 71, "img_name": "55", "width": 1900, "height": 1425, "position": [-0.45602543237717913, 0.14833435687164637, -2.2619604355636653], "rotation": [[0.9064746304632738, -0.3846001129563692, 0.1743172321958425], [0.34273491370653986, 0.9112719939742976, 0.2282895790978606], [-0.2466506096749852, -0.14719411031714452, 0.9578608305150088]], "fy": 1583.7015461899566, "fx": 1583.0027154577142}, {"id": 72, "img_name": "56", "width": 1900, "height": 1425, "position": [1.3373625856806528, 0.024468378516771513, -1.7061426302715383], "rotation": [[0.9171248373893026, 0.24866554364919932, -0.3115244453414421], [-0.16452000554899493, 0.9480190412569304, 0.27238403989303234], [0.3630636313620571, -0.19855816481811706, 0.9103622656757352]], "fy": 1583.7015461899566, "fx": 1583.0027154577142}, {"id": 73, "img_name": "57", "width": 1900, "height": 1425, "position": [2.0693112474709388, -0.7975090869568957, -0.49890588560325616], "rotation": [[0.324903353989253, 0.7514223999511732, -0.5742840650916177], [-0.5600486836792175, 0.6421766020391037, 0.5234068051742223], [0.7620913872205286, 0.15157040821060622, 0.6294784578356597]], "fy": 1583.7015461899566, "fx": 1583.0027154577142}, {"id": 74, "img_name": "58", "width": 1900, "height": 1425, "position": [1.4308800531376402, -1.8098217933924052, 0.5613811091009772], "rotation": [[-0.6275007069764493, 0.6602764671447298, -0.41264736722646095], [-0.4942959643943588, 0.07166630885767113, 0.8663344849180178], [0.6015931867362747, 0.7475954301021315, 0.2814013336196237]], "fy": 1583.7015461899566, "fx": 1583.0027154577142}, {"id": 75, "img_name": "59", "width": 1900, "height": 1425, "position": [-0.10850365442414274, -2.3437380059310757, 1.070385959260994], "rotation": [[-0.9995179978527339, 0.028642810493485677, 0.011973361077624943], [0.011039516973495738, -0.03254197795085475, 0.9994093999638174], [0.029015530900757557, 0.9990598626098836, 0.03221008985499528]], "fy": 1583.7015461899566, "fx": 1583.0027154577142}, {"id": 76, "img_name": "6", "width": 1900, "height": 1425, "position": [2.4396031879001567, 1.7803541525731175, -2.7593412891770126], "rotation": [[0.7372773610202074, 0.22426779115861148, -0.637280198010197], [-0.3170629303492907, 0.9478210263708559, -0.033262594120396324], [0.5965678428522605, 0.22658168464846137, 0.7699139880898811]], "fy": 1583.7015461899566, "fx": 1583.0027154577142}, {"id": 77, "img_name": "60", "width": 1900, "height": 1425, "position": [-2.2798534009211204, -1.1603278015646807, 1.1517347236234885], "rotation": [[-0.6926067897565785, -0.43870709025424726, 0.5725660867915052], [0.5916000182870158, 0.10864653712391587, 0.7988775552822746], [-0.4126805703518017, 0.8920381263890197, 0.18428979332149242]], "fy": 1583.7015461899566, "fx": 1583.0027154577142}, {"id": 78, "img_name": "61", "width": 1900, "height": 1425, "position": [-3.32655504225438, -0.22722248133319417, 0.9196995813604514], "rotation": [[-0.3862510428814441, -0.4930513719153277, 0.779557872467086], [0.7929214555422953, 0.25430934446654874, 0.5537168253337457], [-0.4712596919042451, 0.8320018641622188, 0.29272376196152666]], "fy": 1583.7015461899566, "fx": 1583.0027154577142}, {"id": 79, "img_name": "62", "width": 1900, "height": 1425, "position": [-3.413846019949108, 0.9135313665233413, 0.21658119907087026], "rotation": [[-0.13530821508186577, -0.5680236337066483, 0.8118133027254817], [0.8806377475801858, 0.3065383953485214, 0.36126357374367324], [-0.4540581950237837, 0.7637953677051523, 0.4587458902310677]], "fy": 1583.7015461899566, "fx": 1583.0027154577142}, {"id": 80, "img_name": "63", "width": 1900, "height": 1425, "position": [-2.3097354844797975, 2.649379573739063, -1.3081755236765025], "rotation": [[0.6615577660548452, -0.5853740151601817, 0.46869882072368163], [0.7087328720020275, 0.6922977414512943, -0.1357260230213593], [-0.24502864795015353, 0.4219728659009774, 0.8728687542391671]], "fy": 1583.7015461899566, "fx": 1583.0027154577142}, {"id": 81, "img_name": "64", "width": 1900, "height": 1425, "position": [0.07623164360503097, 3.3958368920223676, -1.639628453460888], "rotation": [[0.9188713732774181, -0.3252108281568247, -0.22341288373955548], [0.25916526749318614, 0.9244353057136078, -0.27973689366147936], [0.29750422433380197, 0.19914136385929654, 0.9337204901381367]], "fy": 1583.7015461899566, "fx": 1583.0027154577142}, {"id": 82, "img_name": "65", "width": 1900, "height": 1425, "position": [2.2144402777466428, 3.0094186974257746, -0.7693091764343499], "rotation": [[0.6415252211532438, 0.036107764373108406, -0.766251668824452], [-0.20678661515632538, 0.9700539068992349, -0.12741551515306268], [0.738704735612593, 0.24019085549101707, 0.6297806495296769]], "fy": 1583.7015461899566, "fx": 1583.0027154577142}, {"id": 83, "img_name": "66", "width": 1900, "height": 1425, "position": [3.1320613363568492, 2.767743704266444, -1.0664599264150296], "rotation": [[0.6710437866505321, 0.04019987654296595, -0.7403270941439638], [-0.23570546021048577, 0.9582925589890314, -0.16161159430318314], [0.7029531793972328, 0.2829475946393322, 0.6525315979039926]], "fy": 1583.7015461899566, "fx": 1583.0027154577142}, {"id": 84, "img_name": "67", "width": 1900, "height": 1425, "position": [3.215572880621008, 3.423537787884113, -2.7013929697500743], "rotation": [[0.7766414785491313, 0.032326705013710925, -0.6291128658197793], [-0.23362644382729905, 0.9422423995625357, -0.2399957191519146], [0.5850185454681149, 0.33336803177508084, 0.7393369034809367]], "fy": 1583.7015461899566, "fx": 1583.0027154577142}, {"id": 85, "img_name": "68", "width": 1900, "height": 1425, "position": [3.6100022758212122, 1.9400363605611484, -1.173404284975825], "rotation": [[0.3359303123808311, 0.16338625830238568, -0.9276075440732806], [-0.3440326205237484, 0.9380777903867414, 0.040640068881482125], [0.8768080640820313, 0.3054750231705944, 0.37133896776347763]], "fy": 1583.7015461899566, "fx": 1583.0027154577142}, {"id": 86, "img_name": "69", "width": 1900, "height": 1425, "position": [3.4234761014239408, 1.3824820568506722, 0.44416236713479007], "rotation": [[0.19501028423021266, 0.21318404493107054, -0.957352365658162], [-0.3966321361355006, 0.9098593223708583, 0.1218152785139544], [0.897025048495883, 0.35596148173878284, 0.2619875681960669]], "fy": 1583.7015461899566, "fx": 1583.0027154577142}, {"id": 87, "img_name": "7", "width": 1900, "height": 1425, "position": [2.980217332195125, 0.18322585566422717, -0.7037685368533138], "rotation": [[0.3370703548037493, 0.4413263583373068, -0.8316337062368296], [-0.49350403135506415, 0.8350705198099193, 0.24312753439438123], [0.8017713807244398, 0.3284635023577537, 0.49927385338119146]], "fy": 1583.7015461899566, "fx": 1583.0027154577142}, {"id": 88, "img_name": "70", "width": 1900, "height": 1425, "position": [2.803477279826785, -0.6334320081460744, 2.7019899516628136], "rotation": [[-0.5462283661750732, 0.22459671970621162, -0.8069639926805404], [-0.45201126921889584, 0.7320411846755842, 0.5097072850547556], [0.7052094614260594, 0.6431733960884705, -0.2983414119414042]], "fy": 1583.7015461899566, "fx": 1583.0027154577142}, {"id": 89, "img_name": "71", "width": 1900, "height": 1425, "position": [2.8407244802519034, -1.3505275960823337, 3.4432268881103854], "rotation": [[-0.7903525955928492, 0.2813057720690276, -0.5442516304433948], [-0.328175158427112, 0.5557623296572666, 0.7638254370766056], [0.5173430583577838, 0.7823012818183133, -0.34693063346213504]], "fy": 1583.7015461899566, "fx": 1583.0027154577142}, {"id": 90, "img_name": "72", "width": 1900, "height": 1425, "position": [2.2662263914519207, -2.2564584531563554, 3.9952451360484202], "rotation": [[-0.9072367749008209, 0.22969241045712918, -0.35236746564623467], [-0.19917545886382088, 0.5032602750323664, 0.8408675473347352], [0.3704734414960716, 0.8330489134214992, -0.41082713760572803]], "fy": 1583.7015461899566, "fx": 1583.0027154577142}, {"id": 91, "img_name": "73", "width": 1900, "height": 1425, "position": [0.9266120639672006, -2.088455131656951, 4.158154259555547], "rotation": [[-0.9677952616674229, 0.20039320489073717, -0.15236434926748302], [-0.045743831069396355, 0.45518121498976233, 0.8892230110830119], [0.2475476386742137, 0.8675555457456674, -0.43135547015513565]], "fy": 1583.7015461899566, "fx": 1583.0027154577142}, {"id": 92, "img_name": "74", "width": 1900, "height": 1425, "position": [-1.1824425048137044, -1.3617496612830422, 3.6307774181614683], "rotation": [[-0.9631327156080701, 0.02729157688797987, 0.26763882744548106], [0.2516959517670307, 0.44270506570468865, 0.860616855902495], [-0.09499747359542311, 0.8962518589271515, -0.4332529115656491]], "fy": 1583.7015461899566, "fx": 1583.0027154577142}, {"id": 93, "img_name": "75", "width": 1900, "height": 1425, "position": [-3.167418664634346, -0.5550980670524551, 2.720294356290083], "rotation": [[-0.5566878147983977, -0.13614400202473334, 0.8194897727047449], [0.6919056499784817, 0.4699571479776725, 0.5480938337479698], [-0.4597447643887204, 0.872126762447628, -0.16742061354498303]], "fy": 1583.7015461899566, "fx": 1583.0027154577142}, {"id": 94, "img_name": "76", "width": 1900, "height": 1425, "position": [-3.4224672749960336, 0.8000698001399378, 1.270913200867192], "rotation": [[-0.034713246697716436, -0.33390479506397125, 0.9419673977038645], [0.803443796834512, 0.5512266503217055, 0.22500498950746778], [-0.594367778258417, 0.7646285162145074, 0.2491388696284735]], "fy": 1583.7015461899566, "fx": 1583.0027154577142}, {"id": 95, "img_name": "77", "width": 1900, "height": 1425, "position": [-2.7838260156843146, 2.277865542003416, -0.22972131521466024], "rotation": [[0.4924329724252464, -0.33606411418645465, 0.8028515920296291], [0.7488652277745753, 0.6336688193582837, -0.19407394983153353], [-0.4435207304045326, 0.6967960523202988, 0.5637061496668964]], "fy": 1583.7015461899566, "fx": 1583.0027154577142}, {"id": 96, "img_name": "78", "width": 1900, "height": 1425, "position": [-1.116190899500293, 3.3799287668152616, -1.2995441113500965], "rotation": [[0.8979245779487589, -0.3231916171333772, 0.29879529937777766], [0.43503802787343004, 0.7548240982173119, -0.49089967921604766], [-0.06688323122831223, 0.5707782050544103, 0.8183757535602614]], "fy": 1583.7015461899566, "fx": 1583.0027154577142}, {"id": 97, "img_name": "79", "width": 1900, "height": 1425, "position": [1.128372088878028, 3.6900155513943425, -1.2047867963191696], "rotation": [[0.89635249110725, -0.16473126249243944, -0.41160153406355793], [-0.08369214470366752, 0.8488410394365918, -0.5219813355696801], [0.43537091841408937, 0.502327085598471, 0.7470740675953214]], "fy": 1583.7015461899566, "fx": 1583.0027154577142}, {"id": 98, "img_name": "8", "width": 1900, "height": 1425, "position": [2.86990803145119, -1.1158736583901345, 0.9903886600627204], "rotation": [[-0.26617701272449545, 0.5452839588561228, -0.7948680406905652], [-0.5844800118613561, 0.5644291731211282, 0.5829260881658568], [0.7665069560229787, 0.6197460066381981, 0.16846950354409493]], "fy": 1583.7015461899566, "fx": 1583.0027154577142}, {"id": 99, "img_name": "80", "width": 1900, "height": 1425, "position": [2.0715043235758444, 3.472504731666846, -0.7977090993518012], "rotation": [[0.6586571026465745, -0.10842248565687224, -0.7445907505047353], [-0.3328509270886626, 0.8454943711940838, -0.4175518274601832], [0.6748192954187346, 0.5228611984868509, 0.5208023479665356]], "fy": 1583.7015461899566, "fx": 1583.0027154577142}, {"id": 100, "img_name": "83", "width": 1900, "height": 1425, "position": [1.3548887657493833, -0.7712879493661704, 3.6893424332390974], "rotation": [[-0.9347966653451683, 0.07226393702492759, -0.34775439302072203], [-0.205898848551612, 0.6875367337735834, 0.6963468272901607], [0.28941468280768656, 0.7225449211762613, -0.6278279846086159]], "fy": 1583.7015461899566, "fx": 1583.0027154577142}, {"id": 101, "img_name": "84", "width": 1900, "height": 1425, "position": [2.0878317346412816, -1.6962806318704764, 4.394727534048449], "rotation": [[-0.8587350180147947, 0.2884695859685959, -0.4235085203466827], [-0.26591543990696176, 0.45561869121350307, 0.8495296269324464],