{"fl_x":1,"w":0,"cx":320,"fl_y":1,"h":0,"depth_integer_scale":1,"cy":240,"frames":[{"transform_matrix":[[-0.08930017,0.9959034,-0.014210308,-0.21647508],[-0.6854337,-0.051097132,0.7263401,0.11697899],[0.72263855,0.07460252,0.68718874,-0.20300728],[0,0,0,0.99999994]],"fl_y":1597.8881,"cx":953.33966,"h":1440,"depth_path":"images/0.depth.png","file_path":"images/0","timestamp":492327.316923541,"fl_x":1597.8881,"cy":718.85364,"w":1920},{"transform_matrix":[[0.038263705,0.98098445,0.19027732,-0.012230696],[-0.7115994,-0.106933564,0.6944002,0.12973773],[0.7015428,-0.16197152,0.6939763,-0.22390172],[0,0,0,0.99999994]],"cx":953.2864,"timestamp":492330.384106333,"h":1440,"file_path":"images/1","fl_x":1597.8881,"cy":718.9271,"depth_path":"images/1.depth.png","fl_y":1597.8881,"w":1920},{"depth_path":"images/2.depth.png","fl_y":1597.8881,"cx":953.23486,"w":1920,"fl_x":1597.8881,"h":1440,"file_path":"images/2","transform_matrix":[[0.16071641,0.9401676,0.3004249,0.12705801],[-0.7350663,-0.089114204,0.6721131,0.14383082],[0.6586712,-0.32885182,0.6767635,-0.28712198],[0,0,0,0.99999994]],"cy":718.9007,"timestamp":492333.434619958},{"timestamp":492336.485133625,"h":1440,"file_path":"images/3","cx":953.2202,"w":1920,"fl_y":1593.8209,"fl_x":1593.8209,"depth_path":"images/3.depth.png","cy":718.8812,"transform_matrix":[[0.32828695,0.8270746,0.4562627,0.27819645],[-0.74048257,-0.07455171,0.667928,0.15417425],[0.5864413,-0.5571266,0.58796,-0.37055695],[0,0,0,1]]},{"transform_matrix":[[0.48713452,0.6421998,0.591844,0.42015705],[-0.73921466,-0.057659056,0.67099714,0.15836823],[0.46503943,-0.7643657,0.4466358,-0.49780792],[0,0,0,0.99999994]],"file_path":"images/4","fl_x":1593.369,"cx":953.22253,"fl_y":1593.369,"w":1920,"h":1440,"depth_path":"images/4.depth.png","cy":718.85785,"timestamp":492339.53564725},{"cx":953.23987,"fl_x":1593.369,"file_path":"images/5","depth_path":"images/5.depth.png","timestamp":492342.586160875,"cy":718.8571,"transform_matrix":[[0.5763887,0.4859742,0.6569666,0.54698503],[-0.7298858,-0.05537026,0.681323,0.14685701],[0.36748183,-0.8722175,0.32279092,-0.659208],[0,0,0,0.99999994]],"w":1920,"fl_y":1593.369,"h":1440},{"cx":953.2901,"cy":718.91895,"w":1920,"h":1440,"depth_path":"images/6.depth.png","timestamp":492345.6366745,"fl_x":1593.369,"file_path":"images/6","transform_matrix":[[0.6262156,0.368761,0.68692756,0.5682924],[-0.7081894,-0.09944615,0.6989837,0.100534916],[0.32607022,-0.9241893,0.19887792,-0.80171144],[0,0,0,0.99999994]],"fl_y":1593.369},{"depth_path":"images/7.depth.png","fl_y":1592.0132,"w":1920,"cy":718.81116,"cx":953.291,"transform_matrix":[[0.69767576,0.14493059,0.70160097,0.52819395],[-0.70729977,-0.016370207,0.7067243,0.13957776],[0.1139113,-0.98930645,0.09108829,-0.90048957],[0,0,0,0.99999994]],"timestamp":492348.687188125,"fl_x":1592.0132,"h":1440,"file_path":"images/7"},{"fl_x":1592.0132,"h":1440,"transform_matrix":[[0.729556,0.01439553,0.68376976,0.4905958],[-0.68392116,0.015723502,0.7293866,0.1540968],[-0.00025134298,-0.99977285,0.0213166,-1.025094],[0,0,0,1]],"depth_path":"images/8.depth.png","timestamp":492351.73770175,"w":1920,"cx":953.3411,"file_path":"images/8","fl_y":1592.0132,"cy":718.77216},{"timestamp":492354.788215666,"depth_path":"images/9.depth.png","file_path":"images/9","fl_y":1592.0132,"h":1440,"fl_x":1592.0132,"cx":953.31836,"w":1920,"transform_matrix":[[0.7027287,-0.19024803,0.68554956,0.51725996],[-0.69429713,0.02697996,0.71918267,0.17121552],[-0.15531917,-0.98136526,-0.11312905,-1.1750546],[0,0,0,1]],"cy":718.7545},{"file_path":"images/10","depth_path":"images/10.depth.png","fl_x":1590.6576,"h":1440,"transform_matrix":[[0.6185827,-0.52372926,0.58571595,0.47372308],[-0.69314724,-0.012702495,0.7206842,0.15281023],[-0.37000334,-0.8517901,-0.37087902,-1.4052796],[0,0,0,0.99999994]],"timestamp":492357.83872925,"fl_y":1590.6576,"cx":953.32245,"cy":718.80634,"w":1920},{"transform_matrix":[[0.5683141,-0.6314063,0.5275846,0.37297863],[-0.70987487,-0.05203422,0.70240325,0.07934669],[-0.4160493,-0.7737046,-0.47779125,-1.5167608],[0,0,0,1]],"timestamp":492360.889243,"h":1440,"depth_path":"images/11.depth.png","file_path":"images/11","fl_x":1590.2057,"fl_y":1590.2057,"cy":718.8545,"w":1920,"cx":953.2852},{"cx":953.2442,"depth_path":"images/12.depth.png","w":1920,"fl_y":1584.3309,"file_path":"images/12","fl_x":1584.3309,"timestamp":492363.93975675,"transform_matrix":[[0.4654855,-0.7551312,0.461628,0.26839548],[-0.7290288,-0.0313963,0.68376285,0.09624152],[-0.50183713,-0.6548217,-0.5651269,-1.6279349],[0,0,0,1]],"cy":718.8235,"h":1440},{"timestamp":492366.990270125,"transform_matrix":[[0.4956951,-0.64206475,0.5848413,0.35494143],[-0.8032364,-0.0828226,0.5898744,-0.09059545],[-0.33029944,-0.76216364,-0.5567845,-1.5724839],[0,0,0,0.99999994]],"fl_y":1596.0804,"file_path":"images/13","cx":953.09143,"h":1440,"fl_x":1596.0804,"cy":718.87836,"depth_path":"images/13.depth.png","w":1920},{"cx":953.15906,"transform_matrix":[[0.35854554,-0.86212337,0.35803443,0.1633946],[-0.76913726,-0.055467896,0.63667226,0.033076778],[-0.5290305,-0.5036536,-0.68297887,-1.7728862],[0,0,0,1.0000001]],"fl_x":1595.1766,"w":1920,"depth_path":"images/14.depth.png","file_path":"images/14","timestamp":492370.040784083,"cy":718.8523,"fl_y":1595.1766,"h":1440},{"transform_matrix":[[0.22534078,-0.9455442,0.23487851,0.09603221],[-0.8139235,-0.05019605,0.57879966,0.012684472],[-0.53549063,-0.32160026,-0.78091174,-1.9022624],[0,0,0,1]],"fl_y":1600.1476,"fl_x":1600.1476,"depth_path":"images/15.depth.png","w":1920,"h":1440,"cx":953.0624,"file_path":"images/15","cy":718.8359,"timestamp":492373.091297916},{"fl_x":1626.8099,"w":1920,"fl_y":1626.8099,"transform_matrix":[[0.016723758,-0.99861985,-0.049787678,-0.20779708],[-0.7335025,-0.046092656,0.67812216,0.11135779],[-0.679481,0.025178628,-0.733261,-1.91816],[0,0,0,0.99999994]],"cx":953.2251,"timestamp":492376.125142041,"h":1440,"depth_path":"images/16.depth.png","cy":718.84265,"file_path":"images/16"},{"transform_matrix":[[-0.15738967,-0.9393087,-0.30484074,-0.41379946],[-0.8139278,-0.051424123,0.57868564,0.1142762],[-0.55924064,0.3391975,-0.7564359,-2.0673788],[0,0,0,1]],"cy":718.83923,"w":1920,"fl_x":1589.7538,"depth_path":"images/17.depth.png","file_path":"images/17","cx":953.05896,"timestamp":492379.175655708,"fl_y":1589.7538,"h":1440},{"w":1920,"cx":953.09656,"transform_matrix":[[-0.35855174,-0.76192015,-0.5393686,-0.68528277],[-0.7985564,-0.048902493,0.5999303,0.14493562],[-0.48347545,0.6458222,-0.59090215,-1.8989964],[0,0,0,1]],"h":1440,"fl_x":1589.7538,"fl_y":1589.7538,"timestamp":492382.22616925,"file_path":"images/18","cy":718.83527,"depth_path":"images/18.depth.png"},{"cx":953.11395,"file_path":"images/19","fl_y":1595.1766,"fl_x":1595.1766,"depth_path":"images/19.depth.png","timestamp":492385.293352125,"cy":718.84863,"w":1920,"h":1440,"transform_matrix":[[-0.4961947,-0.53027534,-0.6874586,-0.8954995],[-0.7892968,-0.05432574,0.61160415,0.14904317],[-0.36166522,0.84608334,-0.3915884,-1.6408026],[0,0,0,1.0000001]]},{"fl_x":1594.7247,"fl_y":1594.7247,"cx":953.1463,"cy":718.84094,"file_path":"images/20","w":1920,"h":1440,"depth_path":"images/20.depth.png","transform_matrix":[[-0.6146901,-0.1911289,-0.7652621,-0.94490314],[-0.77250475,-0.050128315,0.63302755,0.14016524],[-0.15935113,0.9802843,-0.11683459,-1.3621943],[0,0,0,1.0000001]],"timestamp":492388.343865583},{"depth_path":"images/21.depth.png","fl_x":1592.0132,"file_path":"images/21","cy":718.835,"w":1920,"fl_y":1592.0132,"timestamp":492391.411048708,"transform_matrix":[[-0.6911417,0.0094636455,-0.72265744,-0.8836418],[-0.72245103,-0.03629053,0.69046915,0.13286796],[-0.019691264,0.9992965,0.03191893,-1.050354],[0,0,0,1]],"cx":953.2495,"h":1440},{"w":1920,"cx":953.3579,"transform_matrix":[[-0.69436824,0.354326,-0.6263434,-0.73656553],[-0.6743312,-0.016479438,0.7382453,0.12314049],[0.2512577,0.93497694,0.25037584,-0.81305975],[0,0,0,1.0000001]],"timestamp":492394.44489275,"file_path":"images/22","depth_path":"images/22.depth.png","fl_y":1594.7247,"fl_x":1594.7247,"h":1440,"cy":718.81335},{"fl_y":1594.7247,"fl_x":1594.7247,"w":1920,"transform_matrix":[[-0.6329598,0.58484364,-0.5072673,-0.65151936],[-0.6450344,-0.036047496,0.7633031,0.13081299],[0.42812714,0.8103449,0.4000608,-0.6763046],[0,0,0,1]],"h":1440,"timestamp":492397.4954065,"file_path":"images/23","cy":718.8434,"depth_path":"images/23.depth.png","cx":953.4244},{"h":1440,"fl_x":1594.7247,"w":1920,"depth_path":"images/24.depth.png","cy":718.80896,"timestamp":492400.545920125,"transform_matrix":[[-0.4713387,0.77366173,-0.4234236,-0.56130755],[-0.68132085,-0.014546875,0.7318405,0.1324201],[0.56003743,0.633432,0.5339684,-0.57309467],[0,0,0,1.0000001]],"file_path":"images/24","fl_y":1594.7247,"cx":953.3415},{"fl_y":1592.0132,"cy":718.8261,"fl_x":1592.0132,"cx":953.33826,"w":1920,"depth_path":"images/25.depth.png","timestamp":492403.596433708,"h":1440,"file_path":"images/25","transform_matrix":[[-0.21089374,0.9647741,-0.15727335,-0.40447745],[-0.682719,-0.030227667,0.73005563,0.15355156],[0.69958466,0.26133767,0.6650444,-0.49262738],[0,0,0,0.9999999]]},{"h":1440,"fl_x":1593.369,"depth_path":"images/26.depth.png","timestamp":492406.646947291,"fl_y":1593.369,"transform_matrix":[[0.13184482,0.9821208,0.13437288,-0.13773173],[-0.731949,0.0050400496,0.681341,0.19912007],[0.66848177,-0.18818533,0.71952677,-0.4040569],[0,0,0,1]],"file_path":"images/26","cx":953.236,"cy":718.7765,"w":1920},{"fl_x":1577.5524,"cy":718.8143,"w":1920,"depth_path":"images/27.depth.png","h":1440,"fl_y":1577.5524,"cx":953.7352,"transform_matrix":[[0.058786258,0.99782485,0.029829629,-0.17065978],[-0.5096267,0.004303444,0.8603849,0.41601464],[0.8583851,-0.06578078,0.5087712,-0.66388696],[0,0,0,0.99999994]],"timestamp":492409.697460916,"file_path":"images/27"},{"depth_path":"images/28.depth.png","transform_matrix":[[0.08430002,0.99512887,0.05110932,-0.17353621],[-0.5570325,0.0045347624,0.83047837,0.17681874],[0.82620114,-0.09847888,0.55470145,-0.67226124],[0,0,0,1]],"timestamp":492412.7479745,"cx":953.6247,"file_path":"images/28","fl_y":1595.6285,"w":1920,"fl_x":1595.6285,"cy":718.80743,"h":1440},{"cx":953.4453,"depth_path":"images/29.depth.png","file_path":"images/29","fl_x":1596.0804,"h":1440,"fl_y":1596.0804,"timestamp":492415.798488125,"transform_matrix":[[0.054357085,0.9946804,0.087499686,-0.1730355],[-0.63690764,-0.032950222,0.7702358,-0.03938394],[0.7690216,-0.097596966,0.6317285,-0.7569834],[0,0,0,1]],"cy":718.84314,"w":1920},{"h":1440,"fl_x":1596.9843,"fl_y":1596.9843,"transform_matrix":[[0.063591674,0.9891153,0.13269185,-0.09316009],[-0.8580725,-0.01369965,0.5133458,-0.23170556],[0.509576,-0.14650375,0.8478614,-0.38750118],[0,0,0,0.99999994]],"depth_path":"images/30.depth.png","timestamp":492418.865671333,"file_path":"images/30","cy":718.7822,"cx":952.98553,"w":1920},{"depth_path":"images/31.depth.png","cy":718.8153,"fl_x":1598.7919,"transform_matrix":[[0.18331757,0.89547217,0.40561643,0.1234983],[-0.87389356,-0.040527,0.4844253,-0.23225917],[0.4502277,-0.4432692,0.77511793,-0.43317395],[0,0,0,1]],"file_path":"images/31","cx":952.9528,"fl_y":1598.7919,"w":1920,"timestamp":492421.916184916,"h":1440},{"file_path":"images/32","depth_path":"images/32.depth.png","cy":718.806,"transform_matrix":[[0.3025473,0.69944984,0.6474839,0.3268636],[-0.8894088,-0.037045393,0.45560926,-0.20209453],[0.34266204,-0.7137212,0.6108887,-0.49298793],[0,0,0,1]],"timestamp":492424.966698375,"fl_x":1598.7919,"cx":952.9244,"w":1920,"h":1440,"fl_y":1598.7919},{"fl_x":1599.2438,"w":1920,"h":1440,"file_path":"images/33","transform_matrix":[[0.35987985,0.4697,0.8061443,0.48395148],[-0.89315605,-0.07636347,0.44321686,-0.22056386],[0.26973897,-0.8795174,0.39203376,-0.692791],[0,0,0,1]],"depth_path":"images/33.depth.png","fl_y":1599.2438,"cy":718.85846,"cx":952.91864,"timestamp":492428.017211833},{"cx":952.91504,"w":1920,"cy":718.93054,"timestamp":492431.067725208,"file_path":"images/34","depth_path":"images/34.depth.png","fl_x":1599.2438,"h":1440,"transform_matrix":[[0.41628444,0.07346181,0.90626204,0.56166965],[-0.8967316,-0.13155492,0.42257062,-0.22536495],[0.150266,-0.98858327,0.011111268,-0.9458043],[0,0,0,1]],"fl_y":1599.2438},{"cx":952.90985,"timestamp":492434.118238375,"cy":718.92114,"h":1440,"transform_matrix":[[0.43966347,-0.29715648,0.8475815,0.5083885],[-0.8979081,-0.122951746,0.4226632,-0.21845609],[-0.021385487,-0.94687974,-0.32087654,-1.2025481],[0,0,0,1.0000001]],"depth_path":"images/35.depth.png","fl_y":1599.2438,"fl_x":1599.2438,"w":1920,"file_path":"images/35"},{"file_path":"images/36","cx":952.8946,"w":1920,"depth_path":"images/36.depth.png","timestamp":492437.168751666,"transform_matrix":[[0.38966987,-0.57983327,0.7155076,0.43084762],[-0.9055853,-0.099896476,0.4122333,-0.20223841],[-0.16754985,-0.8085879,-0.56401503,-1.4073608],[0,0,0,1]],"fl_x":1593.8209,"fl_y":1593.8209,"cy":718.88367,"h":1440},{"cx":952.9216,"file_path":"images/37","fl_x":1578.908,"timestamp":492440.219265041,"depth_path":"images/37.depth.png","w":1920,"fl_y":1578.908,"cy":718.7822,"transform_matrix":[[0.35579863,-0.67305195,0.64838934,0.29989362],[-0.8873115,-0.025469618,0.46046695,-0.20262888],[-0.2934039,-0.7391567,-0.6062687,-1.4594152],[0,0,0,1]],"h":1440},{"fl_x":1601.9552,"depth_path":"images/38.depth.png","fl_y":1601.9552,"cx":952.98376,"h":1440,"transform_matrix":[[0.26871833,-0.93241405,0.2416499,0.05885872],[-0.854884,-0.11527522,0.50585073,-0.15759379],[-0.443806,-0.34251395,-0.8280824,-1.7141871],[0,0,0,0.99999994]],"file_path":"images/38","timestamp":492443.286447916,"cy":718.91156,"w":1920},{"transform_matrix":[[0.036009908,-0.99671227,-0.07258039,-0.1751838],[-0.796108,-0.07251207,0.60079455,-0.18797679],[-0.6040823,0.03614727,-0.7961018,-1.7579978],[0,0,0,1]],"cx":953.1006,"depth_path":"images/39.depth.png","cy":718.8608,"fl_y":1601.0514,"w":1920,"file_path":"images/39","fl_x":1601.0514,"h":1440,"timestamp":492446.320291875},{"transform_matrix":[[-0.08028844,-0.9891628,-0.122926846,-0.23426138],[-0.903726,0.020210039,0.42763433,-0.34823397],[-0.42051554,0.14542626,-0.89555466,-1.8602571],[0,0,0,1.0000001]],"fl_y":1601.9552,"depth_path":"images/40.depth.png","file_path":"images/40","fl_x":1601.9552,"timestamp":492449.370805375,"cx":952.8966,"cy":718.7211,"w":1920,"h":1440},{"cx":952.9466,"file_path":"images/41","w":1920,"fl_x":1596.9843,"depth_path":"images/41.depth.png","h":1440,"fl_y":1596.9843,"transform_matrix":[[0.13144027,-0.98196733,0.13588096,0.05675065],[-0.8757846,-0.050803754,0.4800212,-0.3749029],[-0.46446186,-0.18209656,-0.86666954,-1.8381332],[0,0,0,0.99999994]],"timestamp":492452.437988333,"cy":718.8227},{"transform_matrix":[[-0.25186247,-0.80088705,-0.54327303,-0.68502593],[-0.8882545,-0.031523954,0.4582689,-0.31765875],[-0.3841477,0.5979853,-0.7034518,-1.6678276],[0,0,0,1]],"depth_path":"images/42.depth.png","timestamp":492455.505171166,"cx":952.9253,"cy":718.802,"fl_x":1596.9843,"w":1920,"fl_y":1596.9843,"file_path":"images/42","h":1440},{"fl_x":1568.5143,"w":1920,"fl_y":1568.5143,"timestamp":492458.539015291,"cx":952.98517,"transform_matrix":[[-0.43364024,-0.3200795,-0.8423214,-0.92962885],[-0.86018586,-0.1313896,0.49276477,-0.31604367],[-0.26839617,0.9382356,-0.21835206,-1.2693235],[0,0,0,0.99999994]],"file_path":"images/43","h":1440,"depth_path":"images/43.depth.png","cy":718.9369},{"transform_matrix":[[-0.47000405,0.120670274,-0.8743771,-0.8467654],[-0.87210196,-0.21627748,0.43893337,-0.36496535],[-0.13614182,0.96884626,0.20688806,-0.87812585],[0,0,0,1]],"timestamp":492461.589528708,"fl_x":1567.1586,"cx":952.9753,"depth_path":"images/44.depth.png","cy":719.04974,"w":1920,"fl_y":1567.1586,"file_path":"images/44","h":1440},{"fl_x":1597.4362,"timestamp":492464.640041875,"file_path":"images/45","depth_path":"images/45.depth.png","transform_matrix":[[-0.51508224,0.46949458,-0.71712303,-0.6404063],[-0.85648996,-0.24931826,0.45195764,-0.37421823],[0.033399824,0.8470038,0.5305367,-0.6487362],[0,0,0,1]],"fl_y":1597.4362,"cx":953.009,"cy":719.0929,"w":1920,"h":1440},{"w":1920,"fl_x":1614.6085,"h":1440,"cx":953.2222,"transform_matrix":[[-0.22038585,0.9553667,-0.1967352,-0.3477037],[-0.7352442,-0.030168546,0.6771307,-0.16594875],[0.6409728,0.29387838,0.70907646,-0.4357299],[0,0,0,0.99999994]],"timestamp":492467.690555166,"cy":718.8227,"fl_y":1614.6085,"depth_path":"images/46.depth.png","file_path":"images/46"},{"timestamp":492470.741068375,"fl_x":1593.8209,"depth_path":"images/47.depth.png","cx":952.97925,"cy":718.8203,"fl_y":1593.8209,"h":1440,"file_path":"images/47","transform_matrix":[[-0.005861818,0.99742395,0.07149221,-0.23830351],[-0.85464686,-0.042115416,0.51749885,-0.5086164],[0.51917666,-0.0580671,0.85269225,-0.21196309],[0,0,0,0.99999994]],"w":1920},{"timestamp":492473.791581625,"file_path":"images/48","w":1920,"h":1440,"cx":953.019,"fl_x":1593.8209,"depth_path":"images/48.depth.png","cy":718.8775,"fl_y":1593.8209,"transform_matrix":[[0.086260125,0.956796,0.27766994,0.07279725],[-0.8357199,-0.082228355,0.54296494,-0.50350636],[0.5423391,-0.2788905,0.79252034,-0.27078873],[0,0,0,1]]},{"fl_x":1601.0514,"cx":953.04724,"w":1920,"depth_path":"images/49.depth.png","transform_matrix":[[0.23435503,0.7834354,0.57559276,0.36214006],[-0.82577497,-0.15201682,0.5431269,-0.512804],[0.51300454,-0.6025945,0.61131537,-0.438883],[0,0,0,1]],"fl_y":1601.0514,"file_path":"images/49","cy":718.9713,"h":1440,"timestamp":492476.82542525},{"transform_matrix":[[0.39445108,0.4998144,0.7710992,0.5246883],[-0.8107061,-0.20578192,0.54809636,-0.50865966],[0.43262476,-0.84133184,0.3240317,-0.77339536],[0,0,0,0.99999994]],"fl_x":1601.0514,"depth_path":"images/50.depth.png","w":1920,"file_path":"images/50","fl_y":1601.0514,"timestamp":492479.875938458,"cx":953.08386,"h":1440,"cy":719.0491},{"h":1440,"fl_y":1599.2438,"transform_matrix":[[0.48053053,0.046334937,0.8757532,0.5463216],[-0.84992373,-0.22151993,0.47807813,-0.48672912],[0.21614848,-0.97405446,-0.06706591,-1.1017418],[0,0,0,1]],"cx":953.01215,"timestamp":492482.943120916,"cy":719.06287,"fl_x":1599.2438,"depth_path":"images/51.depth.png","file_path":"images/51","w":1920},{"depth_path":"images/52.depth.png","cx":953.02344,"file_path":"images/52","transform_matrix":[[0.5481555,-0.16484073,0.8199715,0.45063052],[-0.835797,-0.14444911,0.5296959,-0.5063835],[0.031128688,-0.9756854,-0.21695395,-1.2743992],[0,0,0,0.99999994]],"w":1920,"fl_x":1596.5323,"timestamp":492485.993634125,"h":1440,"fl_y":1596.5323,"cy":718.9577},{"transform_matrix":[[0.5608219,-0.63438416,0.53201115,0.20039755],[-0.78426033,-0.20109719,0.58693784,-0.5061415],[-0.2653581,-0.7464026,-0.6103019,-1.547715],[0,0,0,1]],"h":1440,"cx":953.1364,"depth_path":"images/53.depth.png","fl_y":1599.6957,"timestamp":492489.027477666,"file_path":"images/53","cy":719.0421,"w":1920,"fl_x":1599.6957},{"timestamp":492492.094660375,"transform_matrix":[[0.2731728,-0.95968014,0.066262655,-0.13575947],[-0.72857344,-0.16142575,0.66567457,-0.39697462],[-0.62813807,-0.2301214,-0.7432946,-1.6782392],[0,0,0,0.99999994]],"file_path":"images/54","fl_y":1599.2438,"depth_path":"images/54.depth.png","cy":718.99677,"w":1920,"fl_x":1599.2438,"h":1440,"cx":953.24164},{"cx":953.1085,"w":1920,"fl_y":1599.6957,"h":1440,"transform_matrix":[[0.12329283,-0.9912234,-0.047700547,-0.16663375],[-0.7929228,-0.12730257,0.59587574,-0.53942156],[-0.59671825,-0.035644338,-0.801659,-1.9119906],[0,0,0,1]],"file_path":"images/55","cy":718.9395,"depth_path":"images/55.depth.png","timestamp":492495.128503958,"fl_x":1599.6957},{"cx":953.1652,"cy":718.9565,"fl_x":1599.2438,"w":1920,"fl_y":1599.2438,"transform_matrix":[[-0.27077514,-0.8180268,-0.5074576,-0.5904896],[-0.7680246,-0.13423206,0.62619495,-0.4727565],[-0.5803612,0.55929786,-0.59191793,-1.7117261],[0,0,0,0.99999994]],"file_path":"images/56","timestamp":492498.179016791,"depth_path":"images/56.depth.png","h":1440},{"cx":953.14374,"fl_x":1599.6957,"cy":719.02405,"h":1440,"timestamp":492501.22952975,"w":1920,"file_path":"images/57","depth_path":"images/57.depth.png","transform_matrix":[[-0.52128273,-0.3367323,-0.7841402,-0.8228183],[-0.7803715,-0.18378322,0.5976991,-0.5003194],[-0.3453764,0.9234908,-0.16697331,-1.342596],[0,0,0,1]],"fl_y":1599.6957},{"timestamp":492504.280042666,"fl_y":1599.6957,"cy":719.0633,"cx":953.14655,"file_path":"images/58","w":1920,"transform_matrix":[[-0.6154113,0.09208597,-0.7828087,-0.85604626],[-0.780033,-0.21380651,0.5880779,-0.330045],[-0.113215856,0.97252625,0.203409,-0.87966835],[0,0,0,1]],"fl_x":1599.6957,"depth_path":"images/58.depth.png","h":1440},{"h":1440,"depth_path":"images/59.depth.png","cy":719.00555,"timestamp":492507.330555375,"fl_y":1597.8881,"fl_x":1597.8881,"file_path":"images/59","transform_matrix":[[-0.60824186,0.6054607,-0.51328284,-0.6253411],[-0.72544146,-0.16158429,0.66904813,-0.2349529],[0.32214388,0.7792997,0.53750867,-0.6663197],[0,0,0,1]],"cx":953.2521,"w":1920},{"fl_y":1597.4362,"depth_path":"images/60.depth.png","cx":953.1873,"file_path":"images/60","h":1440,"transform_matrix":[[-0.47617456,0.72668266,-0.4951669,-0.46353257],[-0.74995154,-0.041566726,0.6601856,-0.18677092],[0.45916286,0.68571484,0.5647698,-0.5662541],[0,0,0,1]],"timestamp":492510.381068291,"cy":718.8368,"w":1920,"fl_x":1597.4362},{"fl_y":1597.8881,"fl_x":1597.8881,"cy":718.8533,"file_path":"images/61","w":1920,"h":1440,"timestamp":492513.431580958,"cx":953.12726,"transform_matrix":[[0.028467402,0.9907249,0.13286833,-0.059672896],[-0.78048605,-0.061016716,0.62218875,-0.040412247],[0.62452507,-0.121413946,0.7715099,-0.3175895],[0,0,0,1]],"depth_path":"images/61.depth.png"},{"file_path":"images/62","timestamp":492516.482093416,"transform_matrix":[[0.33061385,0.56995094,0.75223047,0.16859733],[-0.7656447,-0.30404037,0.5668753,-0.35179624],[0.5517995,-0.7633581,0.3358599,-0.79348004],[0,0,0,0.99999994]],"depth_path":"images/62.depth.png","fl_y":1602.4071,"fl_x":1602.4071,"cx":953.19073,"h":1440,"cy":719.1786,"w":1920},{"cy":718.9886,"transform_matrix":[[0.6433764,-0.22422615,0.73197657,0.11111245],[-0.76519716,-0.15932015,0.62377137,-0.32078072],[-0.02324723,-0.96142596,-0.27408,-1.1004694],[0,0,0,1]],"file_path":"images/63","fl_x":1607.83,"cx":953.1688,"depth_path":"images/63.depth.png","timestamp":492519.515936583,"w":1920,"h":1440,"fl_y":1607.83},{"file_path":"images/64","fl_y":1606.9261,"timestamp":492522.566449,"w":1920,"cx":953.3568,"h":1440,"transform_matrix":[[0.49949178,-0.70919794,0.49754047,0.048001148],[-0.67431295,0.042287163,0.7372341,-0.20305976],[-0.5438844,-0.7037403,-0.45709926,-1.2282331],[0,0,0,1]],"depth_path":"images/64.depth.png","fl_x":1606.9261,"cy":718.7352},{"fl_x":1600.1476,"transform_matrix":[[0.028325679,-0.99901676,-0.034110337,-0.22890624],[-0.5598789,-0.044125184,0.8273989,-0.043536477],[-0.8280903,-0.004338971,-0.56057817,-1.3020146],[0,0,0,1]],"depth_path":"images/65.depth.png","cy":718.8713,"w":1920,"timestamp":492525.633631333,"fl_y":1600.1476,"cx":953.61554,"h":1440,"file_path":"images/65"},{"transform_matrix":[[-0.50443673,-0.6623731,-0.5539003,-0.5083004],[-0.68873084,-0.07823568,0.72078377,-0.08926905],[-0.5207625,0.7450779,-0.4167318,-1.2012727],[0,0,0,1]],"cx":953.32605,"depth_path":"images/66.depth.png","h":1440,"w":1920,"fl_y":1600.1476,"fl_x":1600.1476,"file_path":"images/66","timestamp":492528.684144291,"cy":718.9013},{"fl_y":1600.1476,"cy":718.807,"fl_x":1600.1476,"timestamp":492531.734657041,"transform_matrix":[[-0.58682644,-0.30130845,-0.7515636,-0.52640563],[-0.7836637,-0.022195373,0.62078875,-0.24543217],[-0.20373012,0.95326835,-0.22309966,-1.1065124],[0,0,0,0.9999999]],"cx":953.12384,"h":1440,"file_path":"images/67","depth_path":"images/67.depth.png","w":1920},{"file_path":"images/68","transform_matrix":[[-0.5829481,0.60582405,-0.54143226,-0.43794695],[-0.7349576,-0.10905614,0.6692865,-0.24117191],[0.34642324,0.788089,0.508829,-0.7919585],[0,0,0,1]],"fl_y":1600.5995,"depth_path":"images/68.depth.png","timestamp":492534.785169833,"cy":718.9312,"h":1440,"cx":953.22864,"fl_x":1600.5995,"w":1920},{"cx":953.19104,"w":1920,"depth_path":"images/69.depth.png","fl_x":1600.5995,"fl_y":1600.5995,"timestamp":492537.835682416,"file_path":"images/69","h":1440,"transform_matrix":[[-0.19495228,0.9802342,-0.033683684,-0.14439633],[-0.75143045,-0.12719923,0.64743555,-0.20843875],[0.6303539,0.15152995,0.76137555,-0.567797],[0,0,0,0.99999994]],"cy":718.9535},{"h":1440,"file_path":"images/70","timestamp":492540.86952525,"w":1920,"transform_matrix":[[-0.66829944,0.6267733,0.40066344,0.07543049],[-0.6526667,-0.75246227,0.08846949,-0.8339219],[0.3569344,-0.20237555,0.91194415,-0.44849557],[0,0,0,1]],"fl_x":1607.378,"cx":953.69574,"cy":719.7799,"depth_path":"images/70.depth.png","fl_y":1607.378},{"timestamp":492543.920037666,"cy":719.09735,"depth_path":"images/71.depth.png","file_path":"images/71","cx":952.89075,"transform_matrix":[[-0.20420127,0.91463876,0.3489099,-0.021866955],[-0.95033693,-0.27073067,0.15350877,-0.7405727],[0.23486562,-0.30023524,0.92449844,-0.40463167],[0,0,0,1]],"fl_y":1597.4362,"w":1920,"h":1440,"fl_x":1597.4362},{"cx":952.8454,"transform_matrix":[[0.04979757,0.9901832,-0.13060498,-0.26062864],[-0.9401938,0.090595745,0.328372,-0.6843246],[0.33698067,0.10644183,0.93547547,-0.37486044],[0,0,0,0.9999999]],"h":1440,"depth_path":"images/72.depth.png","file_path":"images/72","fl_y":1593.369,"timestamp":492546.970550333,"cy":718.623,"fl_x":1593.369,"w":1920},{"h":1440,"w":1920,"depth_path":"images/73.depth.png","fl_y":1562.6395,"transform_matrix":[[-0.36064285,0.47669843,0.801683,0.48240712],[-0.6256535,-0.76110315,0.17111401,-0.85107124],[0.6917331,-0.43986467,0.5727344,-0.6784496],[0,0,0,1]],"cy":719.79346,"file_path":"images/73","fl_x":1562.6395,"timestamp":492550.037732291,"cx":953.7218},{"fl_y":1601.5033,"cy":719.5769,"transform_matrix":[[0.02405637,0.19677527,0.98015374,0.46470645],[-0.7786566,-0.6112135,0.14181793,-0.81604207],[0.6269892,-0.7666146,0.13851677,-0.981389],[0,0,0,1.0000001]],"cx":953.3443,"file_path":"images/74","depth_path":"images/74.depth.png","timestamp":492553.071575083,"fl_x":1601.5033,"w":1920,"h":1440},{"transform_matrix":[[0.326216,-0.29914448,0.896714,0.33638343],[-0.7643432,-0.6416245,0.06401432,-0.83565485],[0.556204,-0.7062795,-0.43795723,-1.4102746],[0,0,0,1.0000001]],"w":1920,"cy":719.6121,"fl_x":1615.5123,"file_path":"images/75","fl_y":1615.5123,"cx":953.408,"h":1440,"depth_path":"images/75.depth.png","timestamp":492556.122087083},{"h":1440,"w":1920,"fl_y":1616.4161,"cx":953.63007,"file_path":"images/76","depth_path":"images/76.depth.png","fl_x":1616.4161,"timestamp":492559.172599375,"transform_matrix":[[0.6398656,-0.6933999,0.3313136,-0.15508275],[-0.7033019,-0.70213914,-0.11120771,-0.87115365],[0.30973962,-0.16185552,-0.9369442,-1.7258849],[0,0,0,1]],"cy":719.6905},{"timestamp":492562.223111541,"file_path":"images/77","fl_y":1598.34,"depth_path":"images/77.depth.png","cy":719.663,"w":1920,"cx":953.5007,"h":1440,"transform_matrix":[[0.46112356,-0.5173996,-0.72087646,-0.56013334],[-0.73273575,-0.68023336,0.01951902,-0.8189341],[-0.5004633,0.51921123,-0.6927888,-1.4604744],[0,0,0,0.99999994]],"fl_x":1598.34},{"file_path":"images/78","fl_x":1587.0424,"depth_path":"images/78.depth.png","cy":718.83997,"transform_matrix":[[-0.5855548,-0.7659714,-0.26535547,-0.50056845],[-0.39907888,-0.012537742,0.9168311,0.04918367],[-0.7055933,0.6427525,-0.29834148,-1.4242046],[0,0,0,1]],"w":1920,"fl_y":1587.0424,"h":1440,"timestamp":492565.273623916,"cx":954.0016}]}