[{"id": 0, "img_name": "0", "width": 1894, "height": 1421, "position": [3.08060351633325, -2.177489051884453, 0.739040518837949], "rotation": [[-0.6244043822030342, 0.708142525708673, -0.32962604686005736], [-0.49796673968834165, -0.03576308766733104, 0.86645838199227], [0.6017875818341641, 0.7051632185837831, 0.3749620534224083]], "fy": 1586.9219450570708, "fx": 1584.9263737996644}, {"id": 1, "img_name": "1", "width": 1894, "height": 1421, "position": [-1.3845433073816755, -1.3966191616719852, 0.315377383392246], "rotation": [[-0.3019491971610136, -0.7370027013412771, 0.6046930630902585], [0.7984371731374093, 0.15106897150096166, 0.5828175069453422], [-0.520888436122517, 0.6587906982231169, 0.5428351987929085]], "fy": 1586.9219450570708, "fx": 1584.9263737996644}, {"id": 2, "img_name": "10", "width": 1894, "height": 1421, "position": [-2.1131651062967416, -2.870748728855917, 1.4240361203189777], "rotation": [[-0.8107334115169055, -0.2918139833179065, 0.5074996892514287], [0.5534311953621953, -0.09942554379464832, 0.8269392197985956], [-0.19085399511179163, 0.9512934144528044, 0.24210657192359153]], "fy": 1586.9219450570708, "fx": 1584.9263737996644}, {"id": 3, "img_name": "11", "width": 1894, "height": 1421, "position": [-1.2001809146961238, -3.47389747318544, 1.796890538030071], "rotation": [[-0.9078117428193355, -0.1598138799442577, 0.3877336242531494], [0.4127613035008984, -0.1769020713503444, 0.8934952509578308], [-0.07420206150478087, 0.9711669171306857, 0.22655876310423467]], "fy": 1586.9219450570708, "fx": 1584.9263737996644}, {"id": 4, "img_name": "12", "width": 1894, "height": 1421, "position": [-2.9710416634244994, -0.7376511880267831, -0.24519519759861125], "rotation": [[-0.1857127520416181, -0.7346608986329864, 0.6525213695725997], [0.8337768334093397, 0.2335636239009908, 0.5002641558818007], [-0.5199297700642102, 0.6369626343907538, 0.5691674943204049]], "fy": 1586.9219450570708, "fx": 1584.9263737996644}, {"id": 5, "img_name": "13", "width": 1894, "height": 1421, "position": [-2.6134549170801176, 1.9030434298080166, -2.779600349405235], "rotation": [[0.6491332690811632, -0.5326949956757471, 0.5430120077438599], [0.6130545865066563, 0.7889699540431525, 0.04111551508005724], [-0.45032218792233036, 0.306206553161688, 0.8387177557830069]], "fy": 1586.9219450570708, "fx": 1584.9263737996644}, {"id": 6, "img_name": "14", "width": 1894, "height": 1421, "position": [-4.456505454472711, 0.7814067684294476, -2.2285931728231954], "rotation": [[0.35739340504311257, -0.6145596374506627, 0.7032683741276863], [0.7694447476334282, 0.6205469544163662, 0.15124899240623785], [-0.5293625736402408, 0.48707076424384366, 0.6946490741719148]], "fy": 1586.9219450570708, "fx": 1584.9263737996644}, {"id": 7, "img_name": "15", "width": 1894, "height": 1421, "position": [-1.083632907390533, 2.7583410193673443, -3.845961441646943], "rotation": [[0.928538689974553, -0.32922056944030104, 0.17155091919819326], [0.3466054496814736, 0.9343337627343092, -0.08297639463034627], [-0.13296827994467159, 0.13650727626083317, 0.9816746915635565]], "fy": 1586.9219450570708, "fx": 1584.9263737996644}, {"id": 8, "img_name": "16", "width": 1894, "height": 1421, "position": [0.6613221233009016, 2.4025909947055024, -3.612782631016313], "rotation": [[0.9910652799625489, -0.1304409074833696, 0.027834879336355443], [0.13164897021119343, 0.9901721149660736, -0.04719884941335934], [-0.021404660592655035, 0.050441574108345176, 0.9984976154735602]], "fy": 1586.9219450570708, "fx": 1584.9263737996644}, {"id": 9, "img_name": "17", "width": 1894, "height": 1421, "position": [1.1722755695805027, 1.94448399656096, -4.041472078622096], "rotation": [[0.999972720413296, 0.004075277819881843, -0.006160400954715517], [-0.004084158036853179, 0.999990637893798, -0.001429607598035942], [0.006154517232252122, 0.0014547286500009584, 0.9999800026411492]], "fy": 1586.9219450570708, "fx": 1584.9263737996644}, {"id": 10, "img_name": "18", "width": 1894, "height": 1421, "position": [-2.709429776079679, 1.698782580417821, -3.0064950245580615], "rotation": [[0.6462513888272721, -0.4901076277087069, 0.5849390187879121], [0.574390179628428, 0.8170535321372564, 0.04999447137889751], [-0.5024291631516268, 0.30367423151096745, 0.8095349882067974]], "fy": 1586.9219450570708, "fx": 1584.9263737996644}, {"id": 11, "img_name": "19", "width": 1894, "height": 1421, "position": [-3.2469908206056006, 0.49567468178738405, -1.7629699874593983], "rotation": [[0.1975559396216731, -0.7098027620395665, 0.676129935531034], [0.8194756289727265, 0.4981016227861045, 0.2834686347686517], [-0.5379882380126462, 0.4980710916915895, 0.6800689989855416]], "fy": 1586.9219450570708, "fx": 1584.9263737996644}, {"id": 12, "img_name": "2", "width": 1894, "height": 1421, "position": [-0.8636394397828548, 0.965335029844581, -1.7210703481188505], "rotation": [[0.7290680638430593, -0.5632203905409103, 0.388899151404419], [0.5465958082532548, 0.8210923525373659, 0.16443956642069124], [-0.4119378359462793, 0.09268300968137787, 0.9064861162931828]], "fy": 1586.9219450570708, "fx": 1584.9263737996644}, {"id": 13, "img_name": "20", "width": 1894, "height": 1421, "position": [-2.892583823136023, -0.7311457178845273, -0.565503823931631], "rotation": [[-0.19274685276319725, -0.7104910458554319, 0.6767947432635218], [0.8361680155658955, 0.2420091590962539, 0.49219367799486846], [-0.5134897277399758, 0.6607828998035422, 0.5474433841346037]], "fy": 1586.9219450570708, "fx": 1584.9263737996644}, {"id": 14, "img_name": "21", "width": 1894, "height": 1421, "position": [0.04174617848521826, -2.867100165165662, 1.343913535125547], "rotation": [[-0.9009773621264523, -0.2819705350325737, 0.3297459784578182], [0.3827905619574744, -0.15885337657955287, 0.9100752663519408], [-0.20423314768161593, 0.9461808612113856, 0.251058955756094]], "fy": 1586.9219450570708, "fx": 1584.9263737996644}, {"id": 15, "img_name": "22", "width": 1894, "height": 1421, "position": [2.8745000248321233, -2.7419196585094547, 1.428599143796944], "rotation": [[-0.9064692507088303, 0.38021842042911697, -0.18370479113446922], [-0.2597849863274306, -0.15916026228734534, 0.9524598531106075], [0.3329042781314599, 0.9110993160325664, 0.24304892085084628]], "fy": 1586.9219450570708, "fx": 1584.9263737996644}, {"id": 16, "img_name": "23", "width": 1894, "height": 1421, "position": [1.7191290205965826, -3.4358614677484596, 3.7741829163516174], "rotation": [[-0.9851715574448326, 0.16803161324393773, 0.03467534213762526], [0.036847941997257674, 0.009828071385230872, 0.999272554503231], [0.16756858766573277, 0.9857326138276473, -0.015873955531784504]], "fy": 1586.9219450570708, "fx": 1584.9263737996644}, {"id": 17, "img_name": "24", "width": 1894, "height": 1421, "position": [-1.1354075435315547, -1.6711225835465933, 2.9240346676242654], "rotation": [[-0.8313439771410797, -0.17177480862326044, 0.528545747115322], [0.5372237459352618, -0.00482323928056966, 0.843425979660413], [-0.14233003363498864, 0.9851244345184441, 0.09629127707211282]], "fy": 1586.9219450570708, "fx": 1584.9263737996644}, {"id": 18, "img_name": "25", "width": 1894, "height": 1421, "position": [-3.2629587774837283, 0.06471363736409866, 1.3647075864613565], "rotation": [[-0.3094854255314524, -0.48480016306057216, 0.8180388580501898], [0.8413087895546092, 0.2613512505254554, 0.4731754901375797], [-0.4431910333047973, 0.8346641993911225, 0.3269822353783195]], "fy": 1586.9219450570708, "fx": 1584.9263737996644}, {"id": 19, "img_name": "26", "width": 1894, "height": 1421, "position": [-1.6006865768206364, 3.067776013945613, -1.2411326344373153], "rotation": [[0.7596213336876008, -0.44374627989951043, 0.47546258368247624], [0.5553992571079125, 0.8229905898833171, -0.11923990174219698], [-0.33838896939860386, 0.35464873895004206, 0.8716175637000987]], "fy": 1586.9219450570708, "fx": 1584.9263737996644}, {"id": 20, "img_name": "27", "width": 1894, "height": 1421, "position": [-3.770474485918569, 1.93397701587785, -0.7384511719407142], "rotation": [[0.44361066079410333, -0.4716724612044821, 0.7620594930654201], [0.7287408731593359, 0.6847894595607427, -0.0003685939149609352], [-0.5216764528103479, 0.555507412566036, 0.6475069058839454]], "fy": 1586.9219450570708, "fx": 1584.9263737996644}, {"id": 21, "img_name": "28", "width": 1894, "height": 1421, "position": [-4.557138585157868, 1.4006932124503773, -0.6650289681939677], "rotation": [[0.30110744388186306, -0.4922952101928818, 0.8166882717782084], [0.7544511486238787, 0.6467792921907854, 0.11171397196992162], [-0.5832133156736395, 0.5825134961649666, 0.5661627462193416]], "fy": 1586.9219450570708, "fx": 1584.9263737996644}, {"id": 22, "img_name": "29", "width": 1894, "height": 1421, "position": [-0.29355456035576, 2.2666886598803098, -2.989636483379437], "rotation": [[0.9236240466572934, -0.28398004222787965, 0.25743728566906887], [0.2941123538729349, 0.9557704371194514, -0.0008915311629576493], [-0.2457977699974668, 0.07653892568324103, 0.966294597480255]], "fy": 1586.9219450570708, "fx": 1584.9263737996644}, {"id": 23, "img_name": "3", "width": 1894, "height": 1421, "position": [-1.6323396913871595, 0.580195574804822, -1.5948479625315533], "rotation": [[0.6468046783344601, -0.5806074804940508, 0.4945085051634661], [0.5759262599770266, 0.7969036162269241, 0.18235561278262305], [-0.4999526489114041, 0.16685197043727745, 0.8498280819128468]], "fy": 1586.9219450570708, "fx": 1584.9263737996644}, {"id": 24, "img_name": "30", "width": 1894, "height": 1421, "position": [1.604328005372787, 1.655184273439411, -3.1436659096400006], "rotation": [[0.9915923234253364, 0.1231500401074043, -0.039733257423571575], [-0.12112291554470049, 0.9913807849834282, 0.049933741053452246], [0.04554013014797439, -0.04470130632528071, 0.997961867888207]], "fy": 1586.9219450570708, "fx": 1584.9263737996644}, {"id": 25, "img_name": "31", "width": 1894, "height": 1421, "position": [3.1064603853115247, 1.518064632594488, -2.4424915244933185], "rotation": [[0.887942054621349, 0.2498534513831872, -0.3861763333850568], [-0.24145073080797982, 0.9678125272227601, 0.0709961741433029], [0.39148493231171716, 0.030202069177508534, 0.9196887423418245]], "fy": 1586.9219450570708, "fx": 1584.9263737996644}, {"id": 26, "img_name": "32", "width": 1894, "height": 1421, "position": [1.3058655978969138, 2.73318619781793, -1.7288416298013685], "rotation": [[0.9880413771944104, 0.12448634841093259, -0.09098014075107067], [-0.12193337168212948, 0.9919854805736239, 0.0331218840246729], [0.09437420104032869, -0.0216322765891186, 0.9953017405729639]], "fy": 1586.9219450570708, "fx": 1584.9263737996644}, {"id": 27, "img_name": "33", "width": 1894, "height": 1421, "position": [-1.469381121719702, 1.7508385470258159, -0.953862494790931], "rotation": [[0.7038913917036569, -0.5154518611436995, 0.4887190271812482], [0.4967503703102399, 0.8490215505952593, 0.1800041005684622], [-0.5077164349143415, 0.11606802086844537, 0.8536698637351289]], "fy": 1586.9219450570708, "fx": 1584.9263737996644}, {"id": 28, "img_name": "34", "width": 1894, "height": 1421, "position": [-2.019651152217369, 0.012428013174690566, 0.554548967908119], "rotation": [[-0.05832673374342997, -0.7868587791268338, 0.6143706160306261], [0.7890057037246556, 0.3407035512525546, 0.511264207288031], [-0.6116109806247626, 0.5145622915400293, 0.6009639394375423]], "fy": 1586.9219450570708, "fx": 1584.9263737996644}, {"id": 29, "img_name": "35", "width": 1894, "height": 1421, "position": [0.2661909945971067, -2.002954828668426, 2.1091414539290074], "rotation": [[-0.8946778457051008, -0.31063126147243353, 0.3210292382330986], [0.38332725335709383, -0.164854951552469, 0.9087810857309578], [-0.22937255554705172, 0.9361255601385302, 0.26656550117585953]], "fy": 1586.9219450570708, "fx": 1584.9263737996644}, {"id": 30, "img_name": "36", "width": 1894, "height": 1421, "position": [2.5984829813881674, -1.545691845947951, 1.546430081200025], "rotation": [[-0.7771704666246345, 0.5589961129236812, -0.2890145524755852], [-0.3865856141931763, -0.061709896652257984, 0.9201866395215985], [0.4965456964926114, 0.8268707482982951, 0.26405896482279284]], "fy": 1586.9219450570708, "fx": 1584.9263737996644}, {"id": 31, "img_name": "37", "width": 1894, "height": 1421, "position": [3.210144218771998, -0.08977798857574731, 0.0985364138295727], "rotation": [[0.010261682809503948, 0.8971067778946237, -0.4416946082096128], [-0.7320245563732345, 0.3076540774988447, 0.6078560828558879], [0.6812009591394351, 0.3170936733109968, 0.6598612396660773]], "fy": 1586.9219450570708, "fx": 1584.9263737996644}, {"id": 32, "img_name": "38", "width": 1894, "height": 1421, "position": [4.022380964578289, -0.7691788304323238, 2.0107728282259827], "rotation": [[-0.41841117271213135, 0.7256905262514011, -0.5461733705139997], [-0.6183312623972915, 0.21287860356876825, 0.7565376065238149], [0.6652807982287106, 0.6542598568241638, 0.35964635304225473]], "fy": 1586.9219450570708, "fx": 1584.9263737996644}, {"id": 33, "img_name": "39", "width": 1894, "height": 1421, "position": [1.1056934925388764, -1.902902575002967, 3.1313679937631607], "rotation": [[-0.966600353639146, 0.2559210454382001, 0.013717683714683128], [-0.02003929506499708, -0.1288310621042857, 0.9914640609171769], [0.2555037827469005, 0.9580746191914804, 0.12965662753258825]], "fy": 1586.9219450570708, "fx": 1584.9263737996644}, {"id": 34, "img_name": "4", "width": 1894, "height": 1421, "position": [-0.9023082807420777, -1.8022016811793191, 0.5635534002399439], "rotation": [[-0.4364882174057662, -0.6874562975783629, 0.5804152608140014], [0.7097513338526706, 0.13336506907558596, 0.6917129480100966], [-0.5529295435770192, 0.7138750571845981, 0.4297107429066622]], "fy": 1586.9219450570708, "fx": 1584.9263737996644}, {"id": 35, "img_name": "40", "width": 1894, "height": 1421, "position": [-1.655918096534472, -0.8755341975215967, 2.2683739805538625], "rotation": [[-0.6794786592557682, -0.39351591974496125, 0.6192366046377263], [0.6630728027444793, 0.031934598878215, 0.7478734115176631], [-0.31407516596598867, 0.9187629739501717, 0.23923082540022347]], "fy": 1586.9219450570708, "fx": 1584.9263737996644}, {"id": 36, "img_name": "41", "width": 1894, "height": 1421, "position": [-2.4363888575313775, 1.5467786457349662, 0.1218320063524703], "rotation": [[0.3483881703097822, -0.631313247225442, 0.6928703101344941], [0.7896901421776684, 0.5959065961395635, 0.14589313905997334], [-0.5049902594462747, 0.49632540994293917, 0.7061486566646978]], "fy": 1586.9219450570708, "fx": 1584.9263737996644}, {"id": 37, "img_name": "42", "width": 1894, "height": 1421, "position": [0.2733335128525918, 2.6221857263370976, -0.8908668692688243], "rotation": [[0.9089900941414247, -0.3491890543246732, 0.22760494962237576], [0.3588677355728237, 0.9333876211940851, -0.0012235058156869114], [-0.2120164076612884, 0.08279222754273245, 0.973752786871963]], "fy": 1586.9219450570708, "fx": 1584.9263737996644}, {"id": 38, "img_name": "43", "width": 1894, "height": 1421, "position": [2.498265950883163, 2.0616094342414253, -0.6753592853332094], "rotation": [[0.8659171877423809, 0.37189806589190894, -0.33448356096852294], [-0.3151063652542371, 0.9249290867705121, 0.21263622227205295], [0.3884525743879034, -0.07872746046789458, 0.9180994414657304]], "fy": 1586.9219450570708, "fx": 1584.9263737996644}, {"id": 39, "img_name": "45", "width": 1894, "height": 1421, "position": [3.692965652731814, 1.2468907000721183, 1.017590372365697], "rotation": [[0.4663028759299714, 0.5830087544714574, -0.6653288060117926], [-0.5352266428163419, 0.7847603363796273, 0.3125438453479484], [0.7043394556028972, 0.21036160927073658, 0.6779778201578871]], "fy": 1586.9219450570708, "fx": 1584.9263737996644}, {"id": 40, "img_name": "46", "width": 1894, "height": 1421, "position": [0.6313690617459025, 2.2220700018483166, -0.6407003689740873], "rotation": [[0.967380578288503, -0.21369418744775714, 0.1360500312430841], [0.21581850851435025, 0.976433093544471, -0.0008861229121909194], [-0.13265439356780703, 0.030219332921443114, 0.9907015715062434]], "fy": 1586.9219450570708, "fx": 1584.9263737996644}, {"id": 41, "img_name": "47", "width": 1894, "height": 1421, "position": [-2.763394376848752, 2.5137580681101497, 0.0759176789298844], "rotation": [[0.4457701084234312, -0.5732273874732615, 0.6875313612387012], [0.734358463849193, 0.6733808958350878, 0.08529839211490413], [-0.5118658584133302, 0.46687100078599203, 0.7211274586478249]], "fy": 1586.9219450570708, "fx": 1584.9263737996644}, {"id": 42, "img_name": "48", "width": 1894, "height": 1421, "position": [-3.797996880617786, 2.655755830861888, 0.5146747784357621], "rotation": [[0.29875022155270337, -0.5784435439750075, 0.7590463566580398], [0.7767039298832874, 0.6095204519237535, 0.1587949117274245], [-0.5545081698460967, 0.542114273119881, 0.6313737438741299]], "fy": 1586.9219450570708, "fx": 1584.9263737996644}, {"id": 43, "img_name": "49", "width": 1894, "height": 1421, "position": [-1.2702502532406772, -0.41545347779493275, 3.140701183124242], "rotation": [[-0.6284624853962987, -0.5533923062113211, 0.5466185689085417], [0.624900299548085, 0.059253307993105755, 0.77845273531319], [-0.4631787128897659, 0.8308104482479679, 0.30857653670976076]], "fy": 1586.9219450570708, "fx": 1584.9263737996644}, {"id": 44, "img_name": "5", "width": 1894, "height": 1421, "position": [1.1342068097542584, -3.3734382744597773, 1.7357062668596792], "rotation": [[-0.9814611528721887, 0.19150396611121326, -0.007761209085520366], [-0.04237495663924931, -0.1773239716595173, 0.9832398344883695], [0.1869180795231313, 0.9653405824052823, 0.1821515619170324]], "fy": 1586.9219450570708, "fx": 1584.9263737996644}, {"id": 45, "img_name": "50", "width": 1894, "height": 1421, "position": [2.3082858821743244, -1.2570382087074936, 3.752055733685069], "rotation": [[-0.9055257254920719, 0.37999280330778606, -0.18875547649365312], [-0.20533275746853272, -0.003162013256485835, 0.9786871105631942], [0.37129721138519817, 0.9249840382982053, 0.08088825446948085]], "fy": 1586.9219450570708, "fx": 1584.9263737996644}, {"id": 46, "img_name": "51", "width": 1894, "height": 1421, "position": [1.556949802266218, -1.9184994883309974, 4.4073368039843], "rotation": [[-0.9658244527955298, 0.25034229597224456, -0.06717038952961722], [-0.08196531874868938, -0.049137320592862126, 0.9954231312599581], [0.24589593917883462, 0.9669096434374308, 0.06797741185908357]], "fy": 1586.9219450570708, "fx": 1584.9263737996644}, {"id": 47, "img_name": "52", "width": 1894, "height": 1421, "position": [3.7554457160361294, -0.05329818356187089, 2.5568134261387536], "rotation": [[-0.320799640704508, 0.8049278830653877, -0.49917801793321387], [-0.6192977118082091, 0.22050278781030325, 0.7535574727364865], [0.716629565865779, 0.5508807707950586, 0.4277527810491328]], "fy": 1586.9219450570708, "fx": 1584.9263737996644}, {"id": 48, "img_name": "53", "width": 1894, "height": 1421, "position": [4.439409834900978, 0.6073302651043744, 2.242918480250294], "rotation": [[0.10039863921225363, 0.7685782839161475, -0.6318287226272935], [-0.6540825084182275, 0.5295105862909256, 0.5401801654884781], [0.7497307419504998, 0.35903476224225156, 0.555875754171742]], "fy": 1586.9219450570708, "fx": 1584.9263737996644}, {"id": 49, "img_name": "54", "width": 1894, "height": 1421, "position": [4.128386320949233, -0.7133880628929605, 1.0107109600410944], "rotation": [[-0.15590017894476785, 0.8415393044251652, -0.5172105309374498], [-0.640570036148158, 0.31244827655764074, 0.701459979803059], [0.7519076824944251, 0.44066730487270017, 0.4903541204294031]], "fy": 1586.9219450570708, "fx": 1584.9263737996644}, {"id": 50, "img_name": "55", "width": 1894, "height": 1421, "position": [-0.6916263330425064, -1.7505516210915146, 1.310598968064551], "rotation": [[-0.7530920669264897, -0.4231465406189134, 0.5037850175368788], [0.5907838874256868, -0.09796410410180174, 0.8008604327008074], [-0.289528473713002, 0.9007497096695494, 0.32376414786020097]], "fy": 1586.9219450570708, "fx": 1584.9263737996644}, {"id": 51, "img_name": "56", "width": 1894, "height": 1421, "position": [-1.638199349145409, 0.17641873307362174, -0.21925016358837848], "rotation": [[0.08987379945615839, -0.7940879542981228, 0.6011214694302116], [0.8552741170112247, 0.37079971995596744, 0.3619582192066452], [-0.5103223343554385, 0.4815930735789278, 0.7124880536112992]], "fy": 1586.9219450570708, "fx": 1584.9263737996644}, {"id": 52, "img_name": "57", "width": 1894, "height": 1421, "position": [-0.49195756106478156, 1.7584515465035402, -1.5572287545039158], "rotation": [[0.817221113038116, -0.5199237068777463, 0.2486543613758788], [0.5044132604216883, 0.8539546117546667, 0.1277841295846182], [-0.27877753696362406, 0.02099666853193125, 0.9601261504589151]], "fy": 1586.9219450570708, "fx": 1584.9263737996644}, {"id": 53, "img_name": "58", "width": 1894, "height": 1421, "position": [1.7246148734255713, 2.150192887653779, -1.8601581228717403], "rotation": [[0.9874306814774826, -0.14011588173097847, -0.07313131315424952], [0.14732265008414683, 0.9835209511916781, 0.1047977830834263], [0.05724234489517786, -0.1142544452254147, 0.9918010060980652]], "fy": 1586.9219450570708, "fx": 1584.9263737996644}, {"id": 54, "img_name": "59", "width": 1894, "height": 1421, "position": [0.9664305609387253, 2.821062284969925, -1.082331756032901], "rotation": [[0.9987705619374955, -0.04730861865457542, -0.01480740382563324], [0.048699494755257464, 0.9921892961210699, 0.11484232614048946], [0.009258715766350685, -0.11542224769849117, 0.993273366661256]], "fy": 1586.9219450570708, "fx": 1584.9263737996644}, {"id": 55, "img_name": "6", "width": 1894, "height": 1421, "position": [2.683903772402177, -2.4935838692942927, 0.7135989785235676], "rotation": [[-0.5817009994537704, 0.7158265976171144, -0.3862851658792893], [-0.5485915985883477, 0.005373355903562201, 0.8360731935689688], [0.6005590771878859, 0.6982574089762593, 0.3895707709993082]], "fy": 1586.9219450570708, "fx": 1584.9263737996644}, {"id": 56, "img_name": "60", "width": 1894, "height": 1421, "position": [-2.590256462864764, 4.24918131268068, -1.348130138299576], "rotation": [[0.7305829881797831, -0.48750140152304566, 0.4781117870282697], [0.583078565093149, 0.809788260046246, -0.06528675838320994], [-0.3553419259125125, 0.3264741297627419, 0.87586914449845]], "fy": 1586.9219450570708, "fx": 1584.9263737996644}, {"id": 57, "img_name": "61", "width": 1894, "height": 1421, "position": [-3.32729033464156, 0.43346244586125765, -0.9279015084968483], "rotation": [[0.3201997578194262, -0.6641990429898691, 0.6755085094828357], [0.7179257518359975, 0.63536408039564, 0.28442063953539015], [-0.6181057595129642, 0.39389353464400095, 0.6802890219770984]], "fy": 1586.9219450570708, "fx": 1584.9263737996644}, {"id": 58, "img_name": "62", "width": 1894, "height": 1421, "position": [-0.3443295932194661, -2.4528481959804265, 0.9631527617547968], "rotation": [[-0.7481511780442899, -0.519442638754452, 0.4128548895613957], [0.5570610931201917, -0.1536696099291577, 0.8161302527880934], [-0.36048960223933996, 0.8405742061400839, 0.4043293838558982]], "fy": 1586.9219450570708, "fx": 1584.9263737996644}, {"id": 59, "img_name": "63", "width": 1894, "height": 1421, "position": [2.634314256624944, -3.079842786670859, 1.8232267729809153], "rotation": [[-0.8878711627169443, 0.393076773958291, -0.2391138812160497], [-0.3326104599601331, -0.1892873842623538, 0.9238725929933329], [0.31789161728609516, 0.8998116113574322, 0.29880425653857806]], "fy": 1586.9219450570708, "fx": 1584.9263737996644}, {"id": 60, "img_name": "64", "width": 1894, "height": 1421, "position": [3.123140415733617, -4.3793450236896785, 0.858385884377777], "rotation": [[-0.8715450235273784, 0.43260069109792665, -0.23079409443540236], [-0.31019086774078747, -0.12193095993538487, 0.9428226061033183], [0.3797247655011172, 0.8933025708408278, 0.24045710510253118]], "fy": 1586.9219450570708, "fx": 1584.9263737996644}, {"id": 61, "img_name": "65", "width": 1894, "height": 1421, "position": [-2.065783211571555, -1.3910275184452887, -1.019855445025595], "rotation": [[-0.3678064261721004, -0.7287127479350125, 0.577664404185951], [0.7504544379745698, 0.1342267550378691, 0.6471486033024225], [-0.5491234555095775, 0.6715362307642131, 0.4974962526293177]], "fy": 1586.9219450570708, "fx": 1584.9263737996644}, {"id": 62, "img_name": "66", "width": 1894, "height": 1421, "position": [-2.249943040249682, 0.1926728421052816, -2.3368135286282086], "rotation": [[0.4326444272936011, -0.7054821453346006, 0.5613499284277867], [0.7009862370471441, 0.6547791218238695, 0.28263509529788966], [-0.5669542265494427, 0.27121807505705026, 0.7778198125273432]], "fy": 1586.9219450570708, "fx": 1584.9263737996644}, {"id": 63, "img_name": "67", "width": 1894, "height": 1421, "position": [-1.895219455575595, 3.551719611855345, -2.2534018171255807], "rotation": [[0.6848960226002251, -0.5370145343654531, 0.4924762208540099], [0.5990971913588059, 0.7997316908407047, 0.038881589101500295], [-0.41472881926914873, 0.2684112749966425, 0.8694569534613514]], "fy": 1586.9219450570708, "fx": 1584.9263737996644}, {"id": 64, "img_name": "68", "width": 1894, "height": 1421, "position": [-3.8160036527225083, 2.900329759927359, -1.6646334004502121], "rotation": [[0.5871129631791925, -0.5432697873081761, 0.6001302414185418], [0.6325309195662103, 0.7705254165198755, 0.07870970899194524], [-0.505176211098338, 0.3333894429867292, 0.7960203986364457]], "fy": 1586.9219450570708, "fx": 1584.9263737996644}, {"id": 65, "img_name": "69", "width": 1894, "height": 1421, "position": [-3.8292788903073163, 0.9094701217708236, 0.15713552885280363], "rotation": [[0.13492754299392815, -0.703319646617102, 0.6979513112130504], [0.7933261162300964, 0.49870704795448273, 0.34917753883633], [-0.593656661252018, 0.5065893356584997, 0.6252511603733226]], "fy": 1586.9219450570708, "fx": 1584.9263737996644}, {"id": 66, "img_name": "7", "width": 1894, "height": 1421, "position": [2.87162436265687, -1.5181450469337314, -0.2369050253504013], "rotation": [[-0.001567880415917881, 0.8998730751258169, -0.43614904610076444], [-0.7116931405777819, 0.3053864169521307, 0.6326389254509026], [0.7024887297355984, 0.31139618656101875, 0.6399546855752526]], "fy": 1586.9219450570708, "fx": 1584.9263737996644}, {"id": 67, "img_name": "70", "width": 1894, "height": 1421, "position": [-2.1621313729837346, -0.8118261264485552, 1.6042414674559664], "rotation": [[-0.28689558493635337, -0.683931031382362, 0.6707676704018211], [0.7832723430056535, 0.23564713449402672, 0.5752867673492825], [-0.5515209515752427, 0.6904409984328949, 0.46809813891589663]], "fy": 1586.9219450570708, "fx": 1584.9263737996644}, {"id": 68, "img_name": "71", "width": 1894, "height": 1421, "position": [0.3321063546030624, -2.01869614406898, 2.1339865373204367], "rotation": [[-0.8435175405021236, -0.30227077023701504, 0.4439713282697095], [0.4897445684903322, -0.09347887849167227, 0.8668402141745372], [-0.2205185173618459, 0.9486274720543681, 0.22688654161115948]], "fy": 1586.9219450570708, "fx": 1584.9263737996644}, {"id": 69, "img_name": "72", "width": 1894, "height": 1421, "position": [2.4217021396333434, -1.81569207603568, 1.8662605388719216], "rotation": [[-0.9447422360724551, 0.31250234505524344, -0.09901712839600517], [-0.1501013021615381, -0.1438500203301319, 0.9781496668406278], [0.2914304487699046, 0.9389619033730783, 0.18280819878708343]], "fy": 1586.9219450570708, "fx": 1584.9263737996644}, {"id": 70, "img_name": "73", "width": 1894, "height": 1421, "position": [4.1099739813008105, -0.6095181602937302, 1.0050348236030884], "rotation": [[-0.5657729597043093, 0.6582215537037496, -0.49663401444851435], [-0.6015071025769155, 0.08250523686955759, 0.7945955521135404], [0.5639948258778171, 0.7482895643592256, 0.3492457075672239]], "fy": 1586.9219450570708, "fx": 1584.9263737996644}, {"id": 71, "img_name": "74", "width": 1894, "height": 1421, "position": [5.28442992970292, -1.4768322274306784, 0.48895709312636676], "rotation": [[-0.38942619596498906, 0.740214176073164, -0.5481151443233113], [-0.7580124188716648, 0.08049039988179109, 0.6472545622575376], [0.5232250096589086, 0.6675359683696421, 0.5297464678506493]], "fy": 1586.9219450570708, "fx": 1584.9263737996644}, {"id": 72, "img_name": "75", "width": 1894, "height": 1421, "position": [5.763215528593718, -1.4981714663563268, -0.581344256305915], "rotation": [[-0.2741424567287168, 0.7996450897198674, -0.5342411851454816], [-0.7018706638663634, 0.21340658008664884, 0.67958458103426], [0.6574370575367148, 0.5612712018824999, 0.5027436258321337]], "fy": 1586.9219450570708, "fx": 1584.9263737996644}, {"id": 73, "img_name": "76", "width": 1894, "height": 1421, "position": [4.577779594293288, -0.693188507092507, -0.44681519295197286], "rotation": [[-0.29502449779440254, 0.7955751143035558, -0.5291699001285355], [-0.7765405879664171, 0.12304831262231465, 0.6179351325192408], [0.5567272769875131, 0.5932279075209499, 0.5814941003968861]], "fy": 1586.9219450570708, "fx": 1584.9263737996644}, {"id": 74, "img_name": "77", "width": 1894, "height": 1421, "position": [-0.9227140829399074, -2.3798627382069246, 1.0467075571442463], "rotation": [[-0.9070594488102444, -0.14624701646461677, 0.39478470904944335], [0.4199661208801476, -0.24855812154010537, 0.872838654923884], [-0.02952310344352051, 0.9575127520778259, 0.28687578491641824]], "fy": 1586.9219450570708, "fx": 1584.9263737996644}, {"id": 75, "img_name": "78", "width": 1894, "height": 1421, "position": [-2.2191718083738357, -0.2654078152076497, -0.5109075200306816], "rotation": [[-0.3140434985462591, -0.7244752884912656, 0.6136059300449455], [0.8392811555888035, 0.09029003738363513, 0.5361481614468], [-0.44382859630081034, 0.6833617384041624, 0.579683458096652]], "fy": 1586.9219450570708, "fx": 1584.9263737996644}, {"id": 76, "img_name": "79", "width": 1894, "height": 1421, "position": [-1.7512114299361756, 1.751968258882412, -2.130206797027429], "rotation": [[0.5644304733903539, -0.7157523405323407, 0.411238164244051], [0.7148902455563103, 0.6729239168774475, 0.19001404922466167], [-0.4127349967191769, 0.18674043246386213, 0.8915031314394979]], "fy": 1586.9219450570708, "fx": 1584.9263737996644}, {"id": 77, "img_name": "8", "width": 1894, "height": 1421, "position": [4.30490967019435, -2.426610775580566, 0.3577477823961754], "rotation": [[-0.2274184447475431, 0.8053663854463616, -0.5474174240756965], [-0.6329378598650126, 0.30496148187161604, 0.7116095559533793], [0.7400476447757306, 0.5083143513296967, 0.44039301049649204]], "fy": 1586.9219450570708, "fx": 1584.9263737996644}, {"id": 78, "img_name": "80", "width": 1894, "height": 1421, "position": [0.3183816684012845, 2.479670618330798, -2.5490639529590275], "rotation": [[0.8376461607383306, -0.5017362344067435, 0.2158927059529249], [0.48147220480404496, 0.8648914653104448, 0.14194107662788602], [-0.25794074009637674, -0.014950060752147748, 0.9660450663825371]], "fy": 1586.9219450570708, "fx": 1584.9263737996644}, {"id": 79, "img_name": "81", "width": 1894, "height": 1421, "position": [0.718772285316062, 2.3567978251208967, -2.3415087520751174], "rotation": [[0.8739727261579252, -0.45736553326166685, 0.16428159640189582], [0.4114766036612285, 0.8762941354066521, 0.25059048842948617], [-0.25857045185307737, -0.15141121899046722, 0.954052390695771]], "fy": 1586.9219450570708, "fx": 1584.9263737996644}, {"id": 80, "img_name": "9", "width": 1894, "height": 1421, "position": [0.8879316783539564, -4.2233221093630915, 2.331246500448721], "rotation": [[-0.9206874303721372, 0.38772270540611287, -0.04478570382739001], [-0.0988189810764933, -0.12055825033972008, 0.9877755399148271], [0.37758371857609774, 0.9138582012476495, 0.14931082840389168]], "fy": 1586.9219450570708, "fx": 1584.9263737996644}]