[{"id": 0, "img_name": "0", "width": 1894, "height": 1421, "position": [3.1073848252285683, -2.1572608606730843, 0.5227576691796435], "rotation": [[-0.5855423530554196, 0.748358155512648, -0.311609088211543], [-0.51028016847436, -0.04158128224137293, 0.8590024136339441], [0.62988435640211, 0.6619902325902325, 0.40621992752083086]], "fy": 1587.1990258074559, "fx": 1585.0793069701497}, {"id": 1, "img_name": "1", "width": 1894, "height": 1421, "position": [-1.349193916904529, -1.4002060956351385, 0.3754014412520015], "rotation": [[-0.3360818555351843, -0.6977194797252138, 0.6326424851304284], [0.8040210702698094, 0.13728808798579792, 0.5785344410312961], [-0.4905090263616135, 0.7030928164255278, 0.5148411274836162]], "fy": 1587.1990258074559, "fx": 1585.0793069701497}, {"id": 2, "img_name": "10", "width": 1894, "height": 1421, "position": [-1.9997157069375222, -2.8843814106819843, 1.4962845467566581], "rotation": [[-0.8233132332014185, -0.2347835133070653, 0.5167514121070379], [0.5513448539380775, -0.1145753939990342, 0.8263723925240763], [-0.1348116169750468, 0.9652715581478393, 0.22377811993002378]], "fy": 1587.1990258074559, "fx": 1585.0793069701497}, {"id": 3, "img_name": "11", "width": 1894, "height": 1421, "position": [-1.0739686124743288, -3.482278504708848, 1.8061818338229676], "rotation": [[-0.9124917147851234, -0.10115597402100171, 0.3963916489639598], [0.40884146887453915, -0.19136962725413675, 0.8923151456145535], [-0.014405685579446527, 0.9762915213625871, 0.2159799563350983]], "fy": 1587.1990258074559, "fx": 1585.0793069701497}, {"id": 4, "img_name": "12", "width": 1894, "height": 1421, "position": [-2.95838359019294, -0.7471099063273553, -0.07873798783842714], "rotation": [[-0.2200489502358101, -0.697055599847514, 0.6824162587609856], [0.8401123109618278, 0.22011956146000253, 0.4957405406389849], [-0.4957718875354821, 0.682393485742558, 0.5371679124311375]], "fy": 1587.1990258074559, "fx": 1585.0793069701497}, {"id": 5, "img_name": "13", "width": 1894, "height": 1421, "position": [-2.764913423406304, 1.9123270157654815, -2.572636018434648], "rotation": [[0.6184163007312905, -0.5176972255363261, 0.5912282652764634], [0.623285941105287, 0.7813304456647923, 0.03220823338455762], [-0.4786187570606929, 0.3485861691881186, 0.8058608862827562]], "fy": 1587.1990258074559, "fx": 1585.0793069701497}, {"id": 6, "img_name": "14", "width": 1894, "height": 1421, "position": [-4.553833811238287, 0.779608254135169, -1.9356304325525857], "rotation": [[0.32174201804407077, -0.5879543711500321, 0.7421534418639443], [0.7790600429723067, 0.609855413358515, 0.14540228416810475], [-0.5380962026152168, 0.5314000679741063, 0.6542678690629692]], "fy": 1587.1990258074559, "fx": 1585.0793069701497}, {"id": 7, "img_name": "15", "width": 1894, "height": 1421, "position": [-1.315537847796854, 2.7865352635514395, -3.707482992876302], "rotation": [[0.9173719342842338, -0.3252609238168574, 0.22942115339568797], [0.353912717938337, 0.9303161695545265, -0.09621648895533878], [-0.18213874455782988, 0.16946137053381283, 0.9685599215472935]], "fy": 1587.1990258074559, "fx": 1585.0793069701497}, {"id": 8, "img_name": "16", "width": 1894, "height": 1421, "position": [0.42966157070579336, 2.4396884762398456, -3.583522259710774], "rotation": [[0.9874219515847578, -0.13216641110996738, 0.08677516524247743], [0.13772381535842587, 0.9885591249329176, -0.06150615574869006], [-0.07765333355153778, 0.07268353517939947, 0.994327442798477]], "fy": 1587.1990258074559, "fx": 1585.0793069701497}, {"id": 9, "img_name": "17", "width": 1894, "height": 1421, "position": [0.913667347069533, 1.9936263233232228, -4.045062767082493], "rotation": [[0.9986116516860367, -0.0008559212329540537, 0.05266912298233782], [0.0016969573109141996, 0.999871738816861, -0.01592564759223283], [-0.05264873647838647, 0.015992914499553697, 0.9984850210358887]], "fy": 1587.1990258074559, "fx": 1585.0793069701497}, {"id": 10, "img_name": "18", "width": 1894, "height": 1421, "position": [-2.8724612179174547, 1.712446580329449, -2.7944555139994725], "rotation": [[0.6127002526373418, -0.4753937972371347, 0.6313470820132105], [0.5852927349239639, 0.8097479902988315, 0.04172057828254207], [-0.5310657349738955, 0.3439606514638867, 0.7743773339794848]], "fy": 1587.1990258074559, "fx": 1585.0793069701497}, {"id": 11, "img_name": "19", "width": 1894, "height": 1421, "position": [-3.3347436369923305, 0.5027486934822727, -1.5495823827406863], "rotation": [[0.1613805056515599, -0.6812465434492595, 0.7140444520014722], [0.8285543216435696, 0.48659706004770287, 0.2769856264117255], [-0.5361474316654053, 0.5469245361028958, 0.6429770472786889]], "fy": 1587.1990258074559, "fx": 1585.0793069701497}, {"id": 12, "img_name": "2", "width": 1894, "height": 1421, "position": [-0.9642989953468339, 0.9767199633358485, -1.6400345336261415], "rotation": [[0.7008810905760571, -0.5608204721077696, 0.44073358725848794], [0.5567028019040842, 0.8163988685078634, 0.15354112755617863], [-0.4459234095952565, 0.13774354999018643, 0.884408857492417]], "fy": 1587.1990258074559, "fx": 1585.0793069701497}, {"id": 13, "img_name": "20", "width": 1894, "height": 1421, "position": [-2.898714413854889, -0.7357242472201361, -0.4004484430256645], "rotation": [[-0.22678486836005088, -0.6716008272050268, 0.7053516515756081], [0.8423516047072388, 0.22828182016774268, 0.4881917498565929], [-0.48888894191836063, 0.7048685973133048, 0.5139531719831291]], "fy": 1587.1990258074559, "fx": 1585.0793069701497}, {"id": 14, "img_name": "21", "width": 1894, "height": 1421, "position": [0.1307561816182448, -2.8639270692748338, 1.2978096496199494], "rotation": [[-0.9133153299014788, -0.22487744461070536, 0.3395368066532875], [0.3803656275357671, -0.17310546910641206, 0.9084913240943862], [-0.14552352921873124, 0.958887183912064, 0.2436355289626637]], "fy": 1587.1990258074559, "fx": 1585.0793069701497}, {"id": 15, "img_name": "22", "width": 1894, "height": 1421, "position": [2.9456414706903264, -2.72877096707372, 1.210528070861266], "rotation": [[-0.884066350412372, 0.43373645284539586, -0.17406716388119323], [-0.269925639038691, -0.16981093848810885, 0.9477892142028952], [0.38153222335486003, 0.8848937420068476, 0.2672007258579511]], "fy": 1587.1990258074559, "fx": 1585.0793069701497}, {"id": 16, "img_name": "23", "width": 1894, "height": 1421, "position": [1.946355763753319, -3.459034496915441, 3.5883358164410715], "rotation": [[-0.9739410488093462, 0.22508652108064695, 0.027836872524799258], [0.027760168226754343, -0.0035062339526551758, 0.9996084630411507], [0.22509599397628727, 0.974332471157192, -0.002833574517553531]], "fy": 1587.1990258074559, "fx": 1585.0793069701497}, {"id": 17, "img_name": "24", "width": 1894, "height": 1421, "position": [-0.9464393155958695, -1.7088007234240963, 2.9445768552805993], "rotation": [[-0.8411888460784112, -0.11318739942483538, 0.5287626479288349], [0.5339735926044658, -0.019648237239694333, 0.8452728252904221], [-0.08528497894911129, 0.9933793632770991, 0.07696696031956969]], "fy": 1587.1990258074559, "fx": 1585.0793069701497}, {"id": 18, "img_name": "25", "width": 1894, "height": 1421, "position": [-3.157311514827742, 0.024306903898112662, 1.545723108931796], "rotation": [[-0.33924954498923526, -0.4361228744220911, 0.8334906026047381], [0.8457944852654977, 0.24641392067557455, 0.473193267483555], [-0.41175409520619016, 0.8654923558894698, 0.28527451161613976]], "fy": 1587.1990258074559, "fx": 1585.0793069701497}, {"id": 19, "img_name": "26", "width": 1894, "height": 1421, "position": [-1.6768467891539949, 3.0521820844807808, -1.0896872829815871], "rotation": [[0.7356321689007931, -0.42616436718347817, 0.5265256349138384], [0.5645796255234358, 0.8152434402600923, -0.12894952328995163], [-0.3742928780008135, 0.39212506328465463, 0.8403230189765563]], "fy": 1587.1990258074559, "fx": 1585.0793069701497}, {"id": 20, "img_name": "27", "width": 1894, "height": 1421, "position": [-3.79349679567945, 1.9077221199061418, -0.48173672228878983], "rotation": [[0.4085375750353329, -0.44144993267725074, 0.7988861037241166], [0.7387331458542765, 0.6739768004227775, -0.005348991317966998], [-0.5360693882329917, 0.59234890852531, 0.6014585451786181]], "fy": 1587.1990258074559, "fx": 1585.0793069701497}, {"id": 21, "img_name": "28", "width": 1894, "height": 1421, "position": [-4.565904436767206, 1.371751219537748, -0.37056788206845775], "rotation": [[0.2624198523403981, -0.46035622815569477, 0.8480612974873369], [0.7645145660760552, 0.6354322830487338, 0.10836647044642107], [-0.5887727060209097, 0.6199177016812276, 0.5186990878988313]], "fy": 1587.1990258074559, "fx": 1585.0793069701497}, {"id": 22, "img_name": "29", "width": 1894, "height": 1421, "position": [-0.48183928241839263, 2.2937243048310147, -2.9087531014020036], "rotation": [[0.9060610712404809, -0.28341320324012775, 0.314213767062683], [0.30284971513101583, 0.9529389278221334, -0.013764079564776389], [-0.2955256084125614, 0.10763064652027743, 0.949252473634919]], "fy": 1587.1990258074559, "fx": 1585.0793069701497}, {"id": 23, "img_name": "3", "width": 1894, "height": 1421, "position": [-1.7174276969504374, 0.587788359860229, -1.4755376579386288], "rotation": [[0.6133950118499992, -0.5736988682356894, 0.542785563572419], [0.5868107254771612, 0.7910394667843341, 0.17294431026930104], [-0.5285827578558604, 0.2124292130914331, 0.8218723121768048]], "fy": 1587.1990258074559, "fx": 1585.0793069701497}, {"id": 24, "img_name": "30", "width": 1894, "height": 1421, "position": [1.3959401274297765, 1.6964513135209147, -3.184146779609591], "rotation": [[0.9931479395164212, 0.1153465038452729, 0.018771102390619288], [-0.11595191099753256, 0.99263053299355, 0.03521049992489701], [-0.014571361305895812, -0.03714578064347724, 0.9992036160913749]], "fy": 1587.1990258074559, "fx": 1585.0793069701497}, {"id": 25, "img_name": "31", "width": 1894, "height": 1421, "position": [2.9270598439686193, 1.5588378665206486, -2.578375112139838], "rotation": [[0.9106104976841857, 0.2463131192136904, -0.3318408787515215], [-0.2418423297782459, 0.9687321752229542, 0.055409928850645954], [0.33511312871146937, 0.02979630834559639, 0.941706626808044]], "fy": 1587.1990258074559, "fx": 1585.0793069701497}, {"id": 26, "img_name": "32", "width": 1894, "height": 1421, "position": [1.1771726058282215, 2.744507476187575, -1.7488199966039804], "rotation": [[0.9924791063301768, 0.11804084702949291, -0.03242810402434086], [-0.1174987465525996, 0.992907166990679, 0.018149443438078672], [0.034340472574232006, -0.014202681827877053, 0.999309269331709]], "fy": 1587.1990258074559, "fx": 1585.0793069701497}, {"id": 27, "img_name": "33", "width": 1894, "height": 1421, "position": [-1.523927030716204, 1.7419649191023447, -0.8324942299473747], "rotation": [[0.6703174822075069, -0.5118970148302556, 0.537248470686387], [0.5080908929772793, 0.8442620337203283, 0.17048537442246034], [-0.5408494407139012, 0.15869172828565642, 0.8260138121443079]], "fy": 1587.1990258074559, "fx": 1585.0793069701497}, {"id": 28, "img_name": "34", "width": 1894, "height": 1421, "position": [-1.9724902415281576, -0.008727462858469107, 0.6691893434234325], "rotation": [[-0.09806413050700204, -0.7568792189641965, 0.6461557662112541], [0.7974017144721524, 0.32871472481893826, 0.5060604069121405], [-0.595427520412667, 0.5648720895807805, 0.5713016631761768]], "fy": 1587.1990258074559, "fx": 1585.0793069701497}, {"id": 29, "img_name": "35", "width": 1894, "height": 1421, "position": [0.3921093376159893, -2.018690309709524, 2.051165374110837], "rotation": [[-0.9085984230105175, -0.2537394112854904, 0.3317607825878351], [0.3812719645009332, -0.1795707329198119, 0.9068550275343024], [-0.17053033392449315, 0.9504581332384578, 0.25990140856191346]], "fy": 1587.1990258074559, "fx": 1585.0793069701497}, {"id": 30, "img_name": "36", "width": 1894, "height": 1421, "position": [2.6729265414120422, -1.5438540029134564, 1.3606417791603544], "rotation": [[-0.7447609796348935, 0.6067467955217869, -0.27782982082079755], [-0.3982841012118224, -0.07009322368150071, 0.914580075617125], [0.5354445423525807, 0.7917987535466178, 0.2938603000523506]], "fy": 1587.1990258074559, "fx": 1585.0793069701497}, {"id": 31, "img_name": "37", "width": 1894, "height": 1421, "position": [3.1876251618129685, -0.0742476588014912, -0.08931267900699529], "rotation": [[0.05398665012819664, 0.9125219055370415, -0.4054493969942267], [-0.7416342597850432, 0.3085301205712748, 0.5956406546008807], [0.668628496491906, 0.26853851979803767, 0.6934140156238925]], "fy": 1587.1990258074559, "fx": 1585.0793069701497}, {"id": 32, "img_name": "38", "width": 1894, "height": 1421, "position": [4.107867905166268, -0.7710769512627891, 1.7491345240077152], "rotation": [[-0.37550305716951177, 0.7615911533353386, -0.5281821364053307], [-0.6303274597079758, 0.20794594617416967, 0.747961079875029], [0.6794738755790696, 0.6137893764403863, 0.4019674785035239]], "fy": 1587.1990258074559, "fx": 1585.0793069701497}, {"id": 33, "img_name": "39", "width": 1894, "height": 1421, "position": [1.290896107779343, -1.9291246059867744, 3.0076748700081835], "rotation": [[-0.9499205697494008, 0.31209966824771646, 0.015643153347011718], [-0.030235230637384643, -0.14161928506064808, 0.9894593518317034], [0.3110253076443732, 0.9394348168865021, 0.14396347740363508]], "fy": 1587.1990258074559, "fx": 1585.0793069701497}, {"id": 34, "img_name": "4", "width": 1894, "height": 1421, "position": [-0.8535706146433416, -1.805350032777901, 0.5854926181799107], "rotation": [[-0.4722421312502382, -0.6449061604431563, 0.6009021664919326], [0.7149219255399218, 0.11855046623882054, 0.6890808568933319], [-0.5156297216554948, 0.7550111463925708, 0.40507302917924926]], "fy": 1587.1990258074559, "fx": 1585.0793069701497}, {"id": 35, "img_name": "40", "width": 1894, "height": 1421, "position": [-1.5066523246853603, -0.9127029362054696, 2.333084102716717], "rotation": [[-0.7001304018191569, -0.33900203280343233, 0.6284067490118852], [0.6635184359691703, 0.016192228361339024, 0.7479846902642594], [-0.2637436360892367, 0.9406462850061305, 0.2135974272471311]], "fy": 1587.1990258074559, "fx": 1585.0793069701497}, {"id": 36, "img_name": "41", "width": 1894, "height": 1421, "position": [-2.4181980122055284, 1.5184145841271102, 0.2875180567379014], "rotation": [[0.3141410234966751, -0.603917827835715, 0.7325289581843525], [0.7988873450960274, 0.5850286182794464, 0.13971587468667473], [-0.5129273118112178, 0.5413176267370513, 0.6662437990569853]], "fy": 1587.1990258074559, "fx": 1585.0793069701497}, {"id": 37, "img_name": "42", "width": 1894, "height": 1421, "position": [0.2032807236741036, 2.6158628036170857, -0.8588795476530356], "rotation": [[0.8931542230570222, -0.3483425100954457, 0.28448730990294036], [0.3671570726097715, 0.9300553170449863, -0.0138849295631244], [-0.2597522239905373, 0.11685291137474631, 0.9585792503675508]], "fy": 1587.1990258074559, "fx": 1585.0793069701497}, {"id": 38, "img_name": "43", "width": 1894, "height": 1421, "position": [2.4244937306640337, 2.0692907141319243, -0.7837958662636011], "rotation": [[0.8888244239195984, 0.36196264587938676, -0.2810234624226023], [-0.3155775372829921, 0.9281490204556785, 0.19735808518924816], [0.3322679060733911, -0.08673199418414419, 0.9391887987931106]], "fy": 1587.1990258074559, "fx": 1585.0793069701497}, {"id": 39, "img_name": "45", "width": 1894, "height": 1421, "position": [3.712328493075611, 1.243174751731608, 0.8135842515808802], "rotation": [[0.5094985661260238, 0.5902548380489392, -0.6261073688077361], [-0.5424533612728246, 0.7851607391640576, 0.2987757763259351], [0.667948771957356, 0.18740821709618694, 0.7202239916897302]], "fy": 1587.1990258074559, "fx": 1585.0793069701497}, {"id": 40, "img_name": "46", "width": 1894, "height": 1421, "position": [0.5743122409036621, 2.217792630878582, -0.6380837590330685], "rotation": [[0.956815346922757, -0.21636122262423646, 0.19414482542068903], [0.22333214694732714, 0.9746345944850926, -0.01449687458648836], [-0.1860837016855095, 0.057229612766683056, 0.9808657540099939]], "fy": 1587.1990258074559, "fx": 1585.0793069701497}, {"id": 41, "img_name": "47", "width": 1894, "height": 1421, "position": [-2.750259400189404, 2.4779850214441494, 0.2750542239537393], "rotation": [[0.4112598770075787, -0.5479627060506232, 0.7284244547936246], [0.7442768269276809, 0.6632180588626475, 0.07870077062471893], [-0.5262293401761005, 0.5097829726228015, 0.6805909214511211]], "fy": 1587.1990258074559, "fx": 1585.0793069701497}, {"id": 42, "img_name": "48", "width": 1894, "height": 1421, "position": [-3.7499162542273554, 2.6045941299734787, 0.7719928138144359], "rotation": [[0.26168611386072443, -0.5486711856062972, 0.794027901208674], [0.7862964599353718, 0.5982793780959531, 0.154271393453944], [-0.5596947872774712, 0.5839706463774522, 0.5879796163677161]], "fy": 1587.1990258074559, "fx": 1585.0793069701497}, {"id": 43, "img_name": "49", "width": 1894, "height": 1421, "position": [-1.0768206337472659, -0.46574706222510237, 3.1827168529557586], "rotation": [[-0.6576141231253188, -0.5038384995103533, 0.560080736570428], [0.6279321668167047, 0.044167698228092356, 0.777013776139207], [-0.41622693202506206, 0.8626679435590426, 0.2873310985824833]], "fy": 1587.1990258074559, "fx": 1585.0793069701497}, {"id": 44, "img_name": "5", "width": 1894, "height": 1421, "position": [1.2447558903907556, -3.370664976604224, 1.6087936144516388], "rotation": [[-0.9686078153913443, 0.24858057552496765, -0.0025685471541474656], [-0.05125193987089403, -0.18957433607422788, 0.9805278220231621], [0.2432532396953378, 0.9498785546445878, 0.1963634202290004]], "fy": 1587.1990258074559, "fx": 1585.0793069701497}, {"id": 45, "img_name": "50", "width": 1894, "height": 1421, "position": [2.52638960755337, -1.2911891767692365, 3.5730798080197324], "rotation": [[-0.8813268754607999, 0.43196539107156795, -0.19149109511120951], [-0.2178647777167543, -0.011882095721715955, 0.9759066320256713], [0.4192825744303384, 0.9018119076157995, 0.10458205420348433]], "fy": 1587.1990258074559, "fx": 1585.0793069701497}, {"id": 46, "img_name": "51", "width": 1894, "height": 1421, "position": [1.8157447472035635, -1.960515447608907, 4.253337449248617], "rotation": [[-0.9494328107440971, 0.30618931473851557, -0.06946539730341529], [-0.0922832089661785, -0.0606691364734867, 0.9938828226820634], [0.30010189473821675, 0.9500354516645783, 0.08585740128266514]], "fy": 1587.1990258074559, "fx": 1585.0793069701497}, {"id": 47, "img_name": "52", "width": 1894, "height": 1421, "position": [3.8712653862631203, -0.06963626340734781, 2.3163451202299226], "rotation": [[-0.2750741806126608, 0.8345806146391346, -0.47729382232419254], [-0.6314258987662643, 0.21754474493827755, 0.7442953837804955], [0.7250072617067285, 0.5061121235638446, 0.4671348722309297]], "fy": 1587.1990258074559, "fx": 1585.0793069701497}, {"id": 48, "img_name": "53", "width": 1894, "height": 1421, "position": [4.527076168473081, 0.5951742375832334, 1.9748998483203855], "rotation": [[0.14760233112681417, 0.7854898784710834, -0.601015143457644], [-0.6641483698798347, 0.5290015301874516, 0.528265391489252], [0.7328850487162964, 0.32119002456305673, 0.5997636813689993]], "fy": 1587.1990258074559, "fx": 1585.0793069701497}, {"id": 49, "img_name": "54", "width": 1894, "height": 1421, "position": [4.1541644712690164, -0.7006252809297313, 0.7526376553474065], "rotation": [[-0.10821940404606346, 0.8642537461656694, -0.49127794864671165], [-0.6521922704917947, 0.3112467527185381, 0.6912095928391927], [0.7502891461954329, 0.39520997097842997, 0.5299766749023548]], "fy": 1587.1990258074559, "fx": 1585.0793069701497}, {"id": 50, "img_name": "55", "width": 1894, "height": 1421, "position": [-0.6038439982063886, -1.760591110410068, 1.3157808471156316], "rotation": [[-0.7715314587482495, -0.3690491368690088, 0.5182103267381281], [0.590731734083567, -0.11319941298854935, 0.7988879215795353], [-0.23616779312264335, 0.9224904484466423, 0.3053459448171745]], "fy": 1587.1990258074559, "fx": 1585.0793069701497}, {"id": 51, "img_name": "56", "width": 1894, "height": 1421, "position": [-1.6397746168461436, 0.16710763158604197, -0.11732891129895645], "rotation": [[0.05550420455441884, -0.7662800142825102, 0.6401048531201562], [0.8629987566159387, 0.35923882550839864, 0.35521910467581785], [-0.502147816241517, 0.5326935384989591, 0.6812379648003578]], "fy": 1587.1990258074559, "fx": 1585.0793069701497}, {"id": 52, "img_name": "57", "width": 1894, "height": 1421, "position": [-0.5899828797650931, 1.7638475327389689, -1.4874836604283623], "rotation": [[0.7969289284612304, -0.5219738745630988, 0.30405189895019774], [0.513092444732016, 0.85054978906481, 0.11533082623795907], [-0.31881095674483656, 0.06409626038540371, 0.9456485833881677]], "fy": 1587.1990258074559, "fx": 1585.0793069701497}, {"id": 53, "img_name": "58", "width": 1894, "height": 1421, "position": [1.5880210776775427, 2.169517444955117, -1.9122025829245046], "rotation": [[0.9883449108898605, -0.15146189298220655, -0.015285028372896846], [0.15222473205055775, 0.9842338275200166, 0.09006333170294108], [0.0014028792711964773, -0.09134039489483664, 0.9958187406301439]], "fy": 1587.1990258074559, "fx": 1585.0793069701497}, {"id": 54, "img_name": "59", "width": 1894, "height": 1421, "position": [0.8779833766286954, 2.8200938274904175, -1.0868495029787277], "rotation": [[0.9973282981709805, -0.05897895094498545, 0.04310161264738175], [0.054411183360639534, 0.9934584203214734, 0.10039815843758189], [-0.04874103807543292, -0.09778471474515806, 0.9940133101571312]], "fy": 1587.1990258074559, "fx": 1585.0793069701497}, {"id": 55, "img_name": "6", "width": 1894, "height": 1421, "position": [2.715795311386139, -2.4727815840990712, 0.5170085987665844], "rotation": [[-0.5427198446005895, 0.7553218078444626, -0.3673474334622262], [-0.5606390618198717, -0.00011137678100432179, 0.82806028159606], [0.6254110749246815, 0.6553540678059345, 0.4235233561112879]], "fy": 1587.1990258074559, "fx": 1585.0793069701497}, {"id": 56, "img_name": "60", "width": 1894, "height": 1421, "position": [-2.671448386000727, 4.222777821705367, -1.1194676578474352], "rotation": [[0.7054343617368619, -0.4711526208566309, 0.5295069113248985], [0.5923501414646372, 0.8021434137021691, -0.07541388307901159], [-0.3892090327673941, 0.36685303830574767, 0.8449468486822773]], "fy": 1587.1990258074559, "fx": 1585.0793069701497}, {"id": 57, "img_name": "61", "width": 1894, "height": 1421, "position": [-3.3585156358811195, 0.4231279891215927, -0.7172235491747242], "rotation": [[0.2797183707095298, -0.6428652650154996, 0.7130791569834005], [0.7285664099713389, 0.6258377811464763, 0.27842064929011673], [-0.6252588418799697, 0.44164615103746413, 0.6434283626983757]], "fy": 1587.1990258074559, "fx": 1585.0793069701497}, {"id": 58, "img_name": "62", "width": 1894, "height": 1421, "position": [-0.27413447753217723, -2.4515401632817357, 0.9385145267273517], "rotation": [[-0.7709002125116862, -0.46840431279981004, 0.43163672468868364], [0.5577929639704851, -0.16925826536230865, 0.81253839844746], [-0.30753840686076567, 0.8671499520596653, 0.39175386271032764]], "fy": 1587.1990258074559, "fx": 1585.0793069701497}, {"id": 59, "img_name": "63", "width": 1894, "height": 1421, "position": [2.7324511604635413, -3.07089973328843, 1.6105008534506071], "rotation": [[-0.8659966321997326, 0.446065525674427, -0.22599862792397238], [-0.34245867630840576, -0.19971893229032595, 0.9180601304413053], [0.3643787700179795, 0.872432172085377, 0.3257149322192263]], "fy": 1587.1990258074559, "fx": 1585.0793069701497}, {"id": 60, "img_name": "64", "width": 1894, "height": 1421, "position": [3.1680390084171397, -4.344600375527513, 0.607089991638766], "rotation": [[-0.8461710337042613, 0.4848023889698191, -0.22127183591460045], [-0.32088897191648985, -0.13201784993536816, 0.9378707560217562], [0.4254701510355806, 0.8646027590446368, 0.2672774207264083]], "fy": 1587.1990258074559, "fx": 1585.0793069701497}, {"id": 61, "img_name": "65", "width": 1894, "height": 1421, "position": [-2.100390796999778, -1.377608361213766, -0.9091600439422828], "rotation": [[-0.40313378490435064, -0.688847473392208, 0.6024718332585051], [0.7562413900982327, 0.1199729454285503, 0.6431993876454569], [-0.5153465934407496, 0.7149095402681163, 0.47256982326704416]], "fy": 1587.1990258074559, "fx": 1585.0793069701497}, {"id": 62, "img_name": "66", "width": 1894, "height": 1421, "position": [-2.3714578537620925, 0.21028456937230172, -2.1799763426104164], "rotation": [[0.39509241319947025, -0.6914198997305887, 0.6048475074667675], [0.7115172760498613, 0.6467916535883874, 0.2745973829645595], [-0.5810724145188828, 0.32186810824457573, 0.7474996789164886]], "fy": 1587.1990258074559, "fx": 1585.0793069701497}, {"id": 63, "img_name": "67", "width": 1894, "height": 1421, "position": [-2.0299829090193477, 3.546291293491136, -2.0698738300273845], "rotation": [[0.6562236336812595, -0.5243355971229112, 0.5426257680832384], [0.6091301434731062, 0.7925336709825676, 0.029169310436287205], [-0.44534369975401833, 0.3113881210782705, 0.839467942890464]], "fy": 1587.1990258074559, "fx": 1585.0793069701497}, {"id": 64, "img_name": "68", "width": 1894, "height": 1421, "position": [-3.896735375107934, 2.880487609849174, -1.383434149931362], "rotation": [[0.553309820473344, -0.5264434910952956, 0.6455272986103321], [0.6431382744643106, 0.7624914656525396, 0.07056858172098154], [-0.5293594265589538, 0.37611702366476213, 0.7604699744386599]], "fy": 1587.1990258074559, "fx": 1585.0793069701497}, {"id": 65, "img_name": "69", "width": 1894, "height": 1421, "position": [-3.79309772598046, 0.8763812103769024, 0.39409850721159556], "rotation": [[0.0958169703121259, -0.6748182286161654, 0.7317372933830458], [0.8025383602691513, 0.48725260527524483, 0.34426309553739304], [-0.5888559148864062, 0.5542610007747498, 0.588254583087515]], "fy": 1587.1990258074559, "fx": 1585.0793069701497}, {"id": 66, "img_name": "7", "width": 1894, "height": 1421, "position": [2.839790062422061, -1.4889913344184895, -0.4215262076642883], "rotation": [[0.04326608755689431, 0.9149479494706152, -0.4012459288603882], [-0.7215597520499157, 0.30639790622686647, 0.6208637912468857], [0.6909989651867674, 0.2626605657865468, 0.6734462541966565]], "fy": 1587.1990258074559, "fx": 1585.0793069701497}, {"id": 67, "img_name": "70", "width": 1894, "height": 1421, "position": [-2.042693516854296, -0.8401661170789518, 1.7029095128923164], "rotation": [[-0.3236896047811542, -0.6431021605663779, 0.6940062325595332], [0.7896782172154072, 0.220415628136423, 0.5725602711756398], [-0.5211845671277272, 0.7333734123542268, 0.43649752008436526]], "fy": 1587.1990258074559, "fx": 1585.0793069701497}, {"id": 68, "img_name": "71", "width": 1894, "height": 1421, "position": [0.4602018167325657, -2.0340946508306685, 2.072261719195244], "rotation": [[-0.8576294878463538, -0.24532296818312502, 0.4519826355715701], [0.4875543497987576, -0.1082866152314007, 0.8663514096220064], [-0.1635922295486919, 0.9633746157355134, 0.21247807460474602]], "fy": 1587.1990258074559, "fx": 1585.0793069701497}, {"id": 69, "img_name": "72", "width": 1894, "height": 1421, "position": [2.516541997304291, -1.8175771044862123, 1.6847123888599433], "rotation": [[-0.9253331935250756, 0.3676073989613829, -0.09286162387946587], [-0.1595628226792027, -0.15538205504842603, 0.9748826199023004], [0.3439450342414177, 0.9169085108110702, 0.20243664743048737]], "fy": 1587.1990258074559, "fx": 1585.0793069701497}, {"id": 70, "img_name": "73", "width": 1894, "height": 1421, "position": [4.134824218486721, -0.5973108187373424, 0.7497330594913313], "rotation": [[-0.5285564987174401, 0.7005103892575785, -0.4794926716914], [-0.612946818295803, 0.07584769261257965, 0.7864752541983755], [0.587302499232391, 0.7096001141963998, 0.38928582343548523]], "fy": 1587.1990258074559, "fx": 1585.0793069701497}, {"id": 71, "img_name": "74", "width": 1894, "height": 1421, "position": [5.273567397874353, -1.4443759274779104, 0.15779677923622443], "rotation": [[-0.35413243014790324, 0.7776125771559149, -0.5195275755592533], [-0.7677143026710235, 0.07550970128899226, 0.6363277728384883], [0.5340458513946942, 0.6241930509547369, 0.5702438634022581]], "fy": 1587.1990258074559, "fx": 1585.0793069701497}, {"id": 72, "img_name": "75", "width": 1894, "height": 1421, "position": [5.686525477679565, -1.448997098687391, -0.9335966227513245], "rotation": [[-0.23148654287337786, 0.8301141716524495, -0.5072715668064779], [-0.712790234092507, 0.21014287632288142, 0.6691562251919168], [0.662075571706796, 0.5164788800643386, 0.5430520267862056]], "fy": 1587.1990258074559, "fx": 1585.0793069701497}, {"id": 73, "img_name": "76", "width": 1894, "height": 1421, "position": [4.515133862356419, -0.657222633226672, -0.7177221241317218], "rotation": [[-0.25782557358439023, 0.8282748376417368, -0.49748041864523174], [-0.7862025444810158, 0.11943816040496107, 0.6063168189079495], [0.5616151107809125, 0.5474443525771671, 0.62039757266926]], "fy": 1587.1990258074559, "fx": 1585.0793069701497}, {"id": 74, "img_name": "77", "width": 1894, "height": 1421, "position": [-0.8365475475764933, -2.3881041239854524, 1.0519894931266383], "rotation": [[-0.9096616697584667, -0.08874627427618907, 0.405758235128177], [0.4142809390522796, -0.26391051932696735, 0.8710468077701284], [0.02978170764410422, 0.9604557962710546, 0.2768351735223246]], "fy": 1587.1990258074559, "fx": 1585.0793069701497}, {"id": 75, "img_name": "78", "width": 1894, "height": 1421, "position": [-2.231038412604878, -0.27037005119688806, -0.37878072779894206], "rotation": [[-0.3436985176890619, -0.6834484731326728, 0.6440260192810225], [0.8437627264297154, 0.07630197268962313, 0.5312649719787346], [-0.4122326896623254, 0.7260001332894441, 0.5504434721544751]], "fy": 1587.1990258074559, "fx": 1585.0793069701497}, {"id": 76, "img_name": "79", "width": 1894, "height": 1421, "position": [-1.8717903829890972, 1.7579407663472346, -1.981960291266858], "rotation": [[0.5356378179356031, -0.706827459887359, 0.46204661014487447], [0.7240044165907704, 0.6660196791738705, 0.17954217251162144], [-0.4346374727911111, 0.2383542089041403, 0.8684915303809458]], "fy": 1587.1990258074559, "fx": 1585.0793069701497}, {"id": 77, "img_name": "8", "width": 1894, "height": 1421, "position": [4.299971817292146, -2.3914632685409405, 0.07011817382828106], "rotation": [[-0.18036866553300707, 0.8321711578054808, -0.5243646713981857], [-0.6448233296296223, 0.30252475574181376, 0.7019128476732159], [0.7427449212611344, 0.46472565700641194, 0.48203739031401843]], "fy": 1587.1990258074559, "fx": 1585.0793069701497}, {"id": 78, "img_name": "80", "width": 1894, "height": 1421, "position": [0.15122545047527144, 2.499914433319587, -2.5088878873503058], "rotation": [[0.818579797820011, -0.5060840655789139, 0.271672658116468], [0.490156235097137, 0.8620424045973839, 0.12895641849617345], [-0.2994561400211224, 0.027600928301009273, 0.9537107574944158]], "fy": 1587.1990258074559, "fx": 1585.0793069701497}, {"id": 79, "img_name": "81", "width": 1894, "height": 1421, "position": [0.5619203665379617, 2.376294355413733, -2.3264310715244045], "rotation": [[0.855220887946347, -0.46982651200191006, 0.2187699280988619], [0.4202772692309606, 0.8757089720662208, 0.23769899707506056], [-0.30325607955658324, -0.11134111937124616, 0.9463820081495258]], "fy": 1587.1990258074559, "fx": 1585.0793069701497}, {"id": 80, "img_name": "9", "width": 1894, "height": 1421, "position": [1.0403197559554873, -4.224087349716533, 2.1979500554877136], "rotation": [[-0.8965315895701983, 0.44103404516181527, -0.04147384610738234], [-0.11011192164132944, -0.13118671351059827, 0.9852235334738718], [0.4290763027891273, 0.8878507854400387, 0.1661761390161635]], "fy": 1587.1990258074559, "fx": 1585.0793069701497}]