[{"id": 0, "img_name": "0", "width": 1900, "height": 1425, "position": [-3.643197146917723, -3.0749428916583006, 2.4525565865192616], "rotation": [[-0.6544749752251683, -0.3524741555304425, 0.6688979567072364], [0.474304246277086, 0.49756477369267194, 0.7262677040483664], [-0.5888106561260081, 0.7925851788062032, -0.1584637042644089]], "fy": 1583.6532850933527, "fx": 1582.7461213003937}, {"id": 1, "img_name": "1", "width": 1900, "height": 1425, "position": [-3.7356756582053987, -2.0472496735696035, 1.3889743625261468], "rotation": [[-0.557528903434874, -0.40058457392969726, 0.7271131417903749], [0.5692042251068365, 0.45310650369523325, 0.6860765601808645], [-0.6042913800106972, 0.7963833847077955, -0.024605540151007552]], "fy": 1583.6532850933527, "fx": 1582.7461213003937}, {"id": 2, "img_name": "10", "width": 1900, "height": 1425, "position": [2.410539090562765, -2.7951290049913426, 2.6373550208180436], "rotation": [[-0.8877224382824168, 0.3222614771673686, -0.3287801893420979], [-0.21253844276522688, 0.34661827002471557, 0.9136099743501083], [0.4083825203370642, 0.8809105035240404, -0.23920786329919927]], "fy": 1583.6532850933527, "fx": 1582.7461213003937}, {"id": 3, "img_name": "100", "width": 1900, "height": 1425, "position": [3.6376895869362222, -1.2531972555650226, 4.446899492032288], "rotation": [[-0.7818975288231587, 0.4186033587531052, -0.4619604771632052], [-0.2073510438197221, 0.5242063474494066, 0.8259620148170396], [0.5879130880046037, 0.7416056454304886, -0.323077804280207]], "fy": 1583.6532850933527, "fx": 1582.7461213003937}, {"id": 4, "img_name": "101", "width": 1900, "height": 1425, "position": [1.9813124180225279, -2.945531506431545, 3.612397887541441], "rotation": [[-0.9384544700508626, 0.28422376640684366, -0.19626527520440737], [-0.09507473251391073, 0.333708628394141, 0.9378695786583063], [0.3320602398345248, 0.8988077669584351, -0.2861478554457963]], "fy": 1583.6532850933527, "fx": 1582.7461213003937}, {"id": 5, "img_name": "102", "width": 1900, "height": 1425, "position": [-0.7372911453707144, -2.19808934099889, 2.5693190030555644], "rotation": [[-0.9478015745881246, 0.024435971976930624, 0.31792303861440063], [0.31703289749306285, 0.17882476816573165, 0.9314031587865831], [-0.034092772187431494, 0.9835774425859991, -0.17723740384174227]], "fy": 1583.6532850933527, "fx": 1582.7461213003937}, {"id": 6, "img_name": "103", "width": 1900, "height": 1425, "position": [-2.9907654415801916, -1.8322840646281824, 1.8267124455044277], "rotation": [[-0.5499018421617802, -0.4136094595214692, 0.7256274381398753], [0.6119511311677991, 0.39175371952381416, 0.6870551915979587], [-0.5684397743380836, 0.8218614471026212, 0.03768268457599045]], "fy": 1583.6532850933527, "fx": 1582.7461213003937}, {"id": 7, "img_name": "104", "width": 1900, "height": 1425, "position": [-3.3696772915644386, -0.3240187982340486, -0.211410289532903], "rotation": [[-0.054842747499847924, -0.6189329204317047, 0.7835268425858484], [0.703310699682801, 0.5330657281535885, 0.4703137135782599], [-0.70876394713498, 0.5768561081187974, 0.40606735619559176]], "fy": 1583.6532850933527, "fx": 1582.7461213003937}, {"id": 8, "img_name": "105", "width": 1900, "height": 1425, "position": [-1.8382193728973422, 1.5399079172320487, -2.7813575749112585], "rotation": [[0.6804128388824271, -0.49153272048025826, 0.5435383642220964], [0.5309816307834524, 0.8418575322291563, 0.09661471523313972], [-0.505071159792857, 0.222870994358421, 0.8338055189426293]], "fy": 1583.6532850933527, "fx": 1582.7461213003937}, {"id": 9, "img_name": "106", "width": 1900, "height": 1425, "position": [1.4661553188683678, 1.9581658805082842, -3.3786707429851006], "rotation": [[0.9759399201068452, -0.17843388103245977, -0.12531010510544896], [0.17370656244063168, 0.9836377590471481, -0.04777854269191784], [0.13178506177448038, 0.02486179954063, 0.990966492075639]], "fy": 1583.6532850933527, "fx": 1582.7461213003937}, {"id": 10, "img_name": "107", "width": 1900, "height": 1425, "position": [2.042123497251512, 3.921711308247277, -3.1555823838782535], "rotation": [[0.9375996063805905, 0.08546990069706893, -0.33704877123317767], [-0.15806877285378754, 0.9681408211803171, -0.1942102299385872], [0.3097115450922995, 0.2353683208062087, 0.921238575178768]], "fy": 1583.6532850933527, "fx": 1582.7461213003937}, {"id": 11, "img_name": "108", "width": 1900, "height": 1425, "position": [-0.08338104878392595, 3.3977755027797567, -2.9758019980734516], "rotation": [[0.9959076525754259, -0.08092721077511306, -0.04023349472597846], [0.07798290503166229, 0.9944918412771299, -0.07003316468678727], [0.04567947093090785, 0.06660903984733868, 0.9967329741440724]], "fy": 1583.6532850933527, "fx": 1582.7461213003937}, {"id": 12, "img_name": "109", "width": 1900, "height": 1425, "position": [-2.2254566132115476, 1.5731244904897885, -1.7552427766610794], "rotation": [[0.663357020114521, -0.48618296631026486, 0.5688440798096915], [0.515185483911682, 0.8480557006125176, 0.12403808215744876], [-0.5427166673610355, 0.21077867996636596, 0.8130381092176229]], "fy": 1583.6532850933527, "fx": 1582.7461213003937}, {"id": 13, "img_name": "11", "width": 1900, "height": 1425, "position": [-2.953574107472049, -1.3800595580876782, 0.9440416791335461], "rotation": [[-0.4604436291507375, -0.4982437144185456, 0.7346733052295483], [0.6142141884756775, 0.41869951375764797, 0.6689033172695991], [-0.640884229053628, 0.7592390389208921, 0.11324083507647349]], "fy": 1583.6532850933527, "fx": 1582.7461213003937}, {"id": 14, "img_name": "110", "width": 1900, "height": 1425, "position": [-2.569739579879108, 0.5046255195791591, -1.1753910662722857], "rotation": [[0.3369238064989351, -0.6318309137807158, 0.6980487411386784], [0.5867716039438362, 0.7207197119843776, 0.36913707692716746], [-0.7363297042897602, 0.28522411039072665, 0.613568067481003]], "fy": 1583.6532850933527, "fx": 1582.7461213003937}, {"id": 15, "img_name": "111", "width": 1900, "height": 1425, "position": [-2.5241817594100744, -0.7763466190466441, -0.024180022134337568], "rotation": [[-0.13634579452059437, -0.6821762515808326, 0.7183629904829952], [0.655587335093174, 0.48150780546482025, 0.5816833153373776], [-0.7427079307385763, 0.5502597523493584, 0.3815745465337601]], "fy": 1583.6532850933527, "fx": 1582.7461213003937}, {"id": 16, "img_name": "112", "width": 1900, "height": 1425, "position": [-0.5959323138218414, -0.45544199894693993, 0.23208124361803], "rotation": [[-0.14746169345434088, -0.7457704485746771, 0.6496779871569474], [0.6664347447674761, 0.41044292148574313, 0.6224157285680989], [-0.7308349881678401, 0.524750460919257, 0.4364827302823563]], "fy": 1583.6532850933527, "fx": 1582.7461213003937}, {"id": 17, "img_name": "115", "width": 1900, "height": 1425, "position": [-1.0973473095958053, 0.27627848137055233, 0.33918400817536326], "rotation": [[-0.23093096889698975, -0.8091511671473146, 0.5403196057042864], [0.6543401946951922, 0.2818324450556744, 0.7017188771297221], [-0.7200762440259749, 0.5156014561830469, 0.4643762926457016]], "fy": 1583.6532850933527, "fx": 1582.7461213003937}, {"id": 18, "img_name": "116", "width": 1900, "height": 1425, "position": [-0.9518237855864625, -0.3707561543915833, 1.1316138645774376], "rotation": [[-0.2092074885848496, -0.8026683118950464, 0.5585300419848299], [0.6407130340405012, 0.31897119336571383, 0.698386845389765], [-0.7387279842612129, 0.5039652357875576, 0.4475488871474893]], "fy": 1583.6532850933527, "fx": 1582.7461213003937}, {"id": 19, "img_name": "117", "width": 1900, "height": 1425, "position": [-2.032733147647311, -0.4933550284228679, 1.5997217405563575], "rotation": [[-0.37346720319265725, -0.6384056319159515, 0.6730234002450801], [0.6225213891599802, 0.3654093105448922, 0.6920571911377229], [-0.6877422250943902, 0.6774321256813122, 0.26095276759811503]], "fy": 1583.6532850933527, "fx": 1582.7461213003937}, {"id": 20, "img_name": "118", "width": 1900, "height": 1425, "position": [-1.9509560522921798, 1.0218882843092378, -0.1302724521513819], "rotation": [[0.33756495240194606, -0.7180995904041286, 0.6085908980352022], [0.7513363949170008, 0.5950321623583863, 0.2853600312451401], [-0.567048079604363, 0.3609289459443855, 0.740396361009749]], "fy": 1583.6532850933527, "fx": 1582.7461213003937}, {"id": 21, "img_name": "119", "width": 1900, "height": 1425, "position": [-0.6658258046517923, 1.3920260128249298, -0.988881871514082], "rotation": [[0.7654353307558768, -0.5264377286061944, 0.3700973822260734], [0.54132525371537, 0.8377220839255847, 0.07203249123392823], [-0.3479593713648647, 0.14520684558011182, 0.9261961173941735]], "fy": 1583.6532850933527, "fx": 1582.7461213003937}, {"id": 22, "img_name": "12", "width": 1900, "height": 1425, "position": [-1.2315964150654077, 1.7724201981292798, -3.30381487955609], "rotation": [[0.8328787132136056, -0.37159997586640825, 0.4101542478284642], [0.3893304364531756, 0.9200933446707413, 0.0430121883166647], [-0.39336352185583784, 0.12386159626249496, 0.9110013417358277]], "fy": 1583.6532850933527, "fx": 1582.7461213003937}, {"id": 23, "img_name": "120", "width": 1900, "height": 1425, "position": [0.44264823876900405, 0.932887536005086, -1.5194370009972948], "rotation": [[0.9485085097150054, -0.3012013022903428, 0.09802745787186955], [0.2972942560889187, 0.9533341606048591, 0.05263177291679495], [-0.10930568281089514, -0.02077868432866249, 0.9937909810331416]], "fy": 1583.6532850933527, "fx": 1582.7461213003937}, {"id": 24, "img_name": "121", "width": 1900, "height": 1425, "position": [0.3122387580675247, 1.6596825018234689, -2.53316377728779], "rotation": [[0.9898187717364811, -0.14116257562623266, -0.01821884630408472], [0.14099913503171219, 0.9899595145814177, -0.009970125878476437], [0.019443328891748657, 0.007299776180940001, 0.9997843118539694]], "fy": 1583.6532850933527, "fx": 1582.7461213003937}, {"id": 25, "img_name": "13", "width": 1900, "height": 1425, "position": [0.6529610831545838, 1.5914938926019777, -3.08279262243208], "rotation": [[0.9957511753326694, -0.07435712240303387, -0.054319565273920546], [0.07385566167944484, 0.9972062243521101, -0.011184245674175123], [0.05499943691983455, 0.007124918339824004, 0.9984609644233228]], "fy": 1583.6532850933527, "fx": 1582.7461213003937}, {"id": 26, "img_name": "14", "width": 1900, "height": 1425, "position": [2.015323884778529, 1.122976240279981, -2.3274393592233213], "rotation": [[0.8870149600912793, 0.16645721862111684, -0.4306929938403778], [-0.1739789249833942, 0.9844994354341302, 0.02218547478647241], [0.4277099417080325, 0.055252656033899686, 0.9022257753829197]], "fy": 1583.6532850933527, "fx": 1582.7461213003937}, {"id": 27, "img_name": "15", "width": 1900, "height": 1425, "position": [2.770810458584706, 0.4285209433223546, -1.3551140213937374], "rotation": [[0.6522787808741228, 0.34913401116404785, -0.6727836459589893], [-0.34228322709457515, 0.9276224261334709, 0.14952868281362253], [0.6762947467421963, 0.13274817054391394, 0.7245711412595401]], "fy": 1583.6532850933527, "fx": 1582.7461213003937}, {"id": 28, "img_name": "16", "width": 1900, "height": 1425, "position": [3.174235571596449, -0.44654116134048866, -0.06971489454889694], "rotation": [[0.32866159750230456, 0.5047117830875679, -0.7982778778970394], [-0.4489706497793352, 0.827113375858198, 0.33809587266510144], [0.8309072812076896, 0.24728420792485464, 0.49844118062919185]], "fy": 1583.6532850933527, "fx": 1582.7461213003937}, {"id": 29, "img_name": "17", "width": 1900, "height": 1425, "position": [3.1109122702412417, -1.2142716259366748, 0.952740593194005], "rotation": [[-0.10422681221334458, 0.5769222133500111, -0.8101219237615828], [-0.46262650531706745, 0.692945170255824, 0.5529952148050145], [0.8804052976862194, 0.43242080287892154, 0.19467604126750562]], "fy": 1583.6532850933527, "fx": 1582.7461213003937}, {"id": 30, "img_name": "18", "width": 1900, "height": 1425, "position": [1.9029975583914294, -2.164008670245575, 2.1875734941454468], "rotation": [[-0.832109883029143, 0.35215853939516345, -0.4284594563039668], [-0.27218630451045883, 0.4138028449623076, 0.8687242491942078], [0.48322640470297723, 0.8394948294255096, -0.24847670547894207]], "fy": 1583.6532850933527, "fx": 1582.7461213003937}, {"id": 31, "img_name": "19", "width": 1900, "height": 1425, "position": [-0.21460217669860684, -2.383602860960218, 2.495469144319569], "rotation": [[-0.9912906319644454, 0.03046240709559762, 0.12812074279160302], [0.13113065826257714, 0.3180838023555911, 0.9389501824605138], [-0.012150450327177913, 0.9475730770937676, -0.3193080489494359]], "fy": 1583.6532850933527, "fx": 1582.7461213003937}, {"id": 32, "img_name": "2", "width": 1900, "height": 1425, "position": [-3.637599623947568, -0.5510689231370293, -0.5151081517493915], "rotation": [[-0.10741051998557938, -0.5466343382909383, 0.8304540206403092], [0.7031274529654187, 0.5487775212841023, 0.45216702336596737], [-0.7029045206020443, 0.6324825154377822, 0.325409131068422]], "fy": 1583.6532850933527, "fx": 1582.7461213003937}, {"id": 33, "img_name": "20", "width": 1900, "height": 1425, "position": [-1.8610610081750807, -1.927853085948985, 1.761000176796102], "rotation": [[-0.740370825579383, -0.32887643103682407, 0.5862519370879583], [0.4788339807113931, 0.35406771452796526, 0.8033393258424637], [-0.4717722538969237, 0.8754863486299624, -0.10466419548055626]], "fy": 1583.6532850933527, "fx": 1582.7461213003937}, {"id": 34, "img_name": "21", "width": 1900, "height": 1425, "position": [-2.8412660116770216, -1.1371671519817386, 0.6869589540867796], "rotation": [[-0.31384833423971925, -0.5566688250559544, 0.7691677595334953], [0.6201448409557362, 0.49324970641135396, 0.6100205761784578], [-0.7189712089721939, 0.6684493595897422, 0.19040970125790727]], "fy": 1583.6532850933527, "fx": 1582.7461213003937}, {"id": 35, "img_name": "22", "width": 1900, "height": 1425, "position": [-2.971353406153693, 0.04767387445390164, -0.8774008030299802], "rotation": [[0.22109782180814502, -0.6005634049189772, 0.7684005139663935], [0.6449984614337361, 0.6810214518220982, 0.3466796315133534], [-0.7315003335199557, 0.4189670378803634, 0.5379348317686329]], "fy": 1583.6532850933527, "fx": 1582.7461213003937}, {"id": 36, "img_name": "23", "width": 1900, "height": 1425, "position": [-1.0252387741383553, 1.3439952825453119, -2.699046689635466], "rotation": [[0.852304514920959, -0.36036786725320097, 0.37909367456702286], [0.37008671222042216, 0.9276622767637972, 0.04978479393636539], [-0.3696117412680866, 0.0978657269976944, 0.9240181059892636]], "fy": 1583.6532850933527, "fx": 1582.7461213003937}, {"id": 37, "img_name": "24", "width": 1900, "height": 1425, "position": [0.9986049827014112, 1.5931242292426695, -3.060901421330329], "rotation": [[0.9920771854973005, 0.022045336302894798, -0.12368048012134819], [-0.021554123637531616, 0.9997535897769073, 0.0053084350241111725], [0.12376703022199789, -0.002600552918030695, 0.9923078954410004]], "fy": 1583.6532850933527, "fx": 1582.7461213003937}, {"id": 38, "img_name": "25", "width": 1900, "height": 1425, "position": [2.578168320012533, 0.8665434488619842, -2.115558410343872], "rotation": [[0.7860385968990002, 0.3383973066623711, -0.5173302494816092], [-0.3350684348917954, 0.9364946101336054, 0.10347458204732644], [0.5194925101714303, 0.0920060217287939, 0.8495071652678553]], "fy": 1583.6532850933527, "fx": 1582.7461213003937}, {"id": 39, "img_name": "26", "width": 1900, "height": 1425, "position": [3.190452576031518, -0.25336575510123466, -0.5743740626087145], "rotation": [[0.3296588032617181, 0.5832943671781646, -0.742356218166371], [-0.5446663554397069, 0.7597639820354193, 0.3551017500009119], [0.7711443669534771, 0.28727403784523864, 0.5681637021985948]], "fy": 1583.6532850933527, "fx": 1582.7461213003937}, {"id": 40, "img_name": "27", "width": 1900, "height": 1425, "position": [2.910537192415382, -1.4748833547915683, 1.1138570317507936], "rotation": [[-0.3327961626614418, 0.618201463212295, -0.7120910510601831], [-0.5252298743019117, 0.5056431690626443, 0.6844403295548006], [0.7831859889315034, 0.6017906084864267, 0.15642177047623304]], "fy": 1583.6532850933527, "fx": 1582.7461213003937}, {"id": 41, "img_name": "28", "width": 1900, "height": 1425, "position": [1.467428406362465, -2.424318889876468, 2.3819760750121715], "rotation": [[-0.9379823659786454, 0.2410991750140377, -0.24911898546809352], [-0.17839681517526282, 0.280468972262888, 0.9431392961451251], [0.2972602520493194, 0.9290900620528395, -0.22006362522285475]], "fy": 1583.6532850933527, "fx": 1582.7461213003937}, {"id": 42, "img_name": "29", "width": 1900, "height": 1425, "position": [0.40641080038890254, -2.5272205572651765, 2.4946977554752117], "rotation": [[-0.9977172316921025, 0.05137561867541228, -0.04382774680913748], [-0.02858609240321596, 0.26668408608705063, 0.9633599709086055], [0.06118137711560627, 0.9624137073180291, -0.26460667992438264]], "fy": 1583.6532850933527, "fx": 1582.7461213003937}, {"id": 43, "img_name": "3", "width": 1900, "height": 1425, "position": [-3.2849933278253785, 0.7985891004387322, -2.316799440177244], "rotation": [[0.36971168180268854, -0.5897176214725354, 0.7180155982034114], [0.6748962105281149, 0.7015757936370438, 0.2287061669420887], [-0.6386144199385243, 0.4000306647087539, 0.6573789545910749]], "fy": 1583.6532850933527, "fx": 1582.7461213003937}, {"id": 44, "img_name": "30", "width": 1900, "height": 1425, "position": [-1.7009699195984431, -2.240763379796238, 2.1400012213203703], "rotation": [[-0.8425188144490298, -0.3085747300586132, 0.4415242725702122], [0.3532822497825775, 0.30222356254592186, 0.8853544884568055], [-0.40663706088840645, 0.9019105023289757, -0.14561506275359384]], "fy": 1583.6532850933527, "fx": 1582.7461213003937}, {"id": 45, "img_name": "31", "width": 1900, "height": 1425, "position": [-3.143342459480944, -1.3800409464508103, 0.9761597455846011], "rotation": [[-0.331973771539415, -0.5908944848587042, 0.735280302179694], [0.5902435869981016, 0.47790681415891983, 0.6505517542733137], [-0.7358029104437616, 0.6499606024552855, 0.1901191527396743]], "fy": 1583.6532850933527, "fx": 1582.7461213003937}, {"id": 46, "img_name": "32", "width": 1900, "height": 1425, "position": [-3.4468302126134107, -0.20016298206605504, -0.6374097899519118], "rotation": [[0.08988790785819854, -0.5940661543473684, 0.7993782385578209], [0.608238470822069, 0.6683076450693252, 0.42826493453693354], [-0.7886482908324263, 0.44771675845429465, 0.4214066653083119]], "fy": 1583.6532850933527, "fx": 1582.7461213003937}, {"id": 47, "img_name": "33", "width": 1900, "height": 1425, "position": [-2.6319508075899276, 1.0214760474234796, -2.2555822231499514], "rotation": [[0.5435078244364925, -0.49768684768391325, 0.6759489969063938], [0.5159406184031904, 0.8332685821706133, 0.19866743127425096], [-0.6621212298801817, 0.24077224011464665, 0.7096648542320033]], "fy": 1583.6532850933527, "fx": 1582.7461213003937}, {"id": 48, "img_name": "34", "width": 1900, "height": 1425, "position": [-0.7341956512743232, 1.6822908982941431, -3.1370187422733045], "rotation": [[0.9193895014020215, -0.25166735123528666, 0.3023019831790015], [0.2638268529630999, 0.9645698481929156, 0.0006321492565653913], [-0.291750469352372, 0.07917418947681464, 0.9532119970674727]], "fy": 1583.6532850933527, "fx": 1582.7461213003937}, {"id": 49, "img_name": "35", "width": 1900, "height": 1425, "position": [1.4333956580069676, 1.5642836347986004, -3.01750751164333], "rotation": [[0.946937059506289, 0.17082171426534276, -0.2722685205252943], [-0.17507377339510066, 0.9845160907225153, 0.008788684637467929], [0.26955403763027536, 0.03934474607753271, 0.9621811740796588]], "fy": 1583.6532850933527, "fx": 1582.7461213003937}, {"id": 50, "img_name": "36", "width": 1900, "height": 1425, "position": [2.8456632162342532, 0.6559771957985018, -1.7434031465645476], "rotation": [[0.5437257999718575, 0.45200374413245253, -0.7071455788840144], [-0.4498818746365301, 0.8682698520193252, 0.2090783655662639], [0.7084973911867883, 0.20445067709494938, 0.6754490116336924]], "fy": 1583.6532850933527, "fx": 1582.7461213003937}, {"id": 51, "img_name": "37", "width": 1900, "height": 1425, "position": [3.2998371744162767, -0.6551911854346292, 0.06680882122476346], "rotation": [[0.01865949815955439, 0.5692146708248139, -0.821977178300123], [-0.5190589179893788, 0.7081677014151778, 0.4786192080642388], [0.8545347639412506, 0.4177237905484224, 0.3086700050632208]], "fy": 1583.6532850933527, "fx": 1582.7461213003937}, {"id": 52, "img_name": "38", "width": 1900, "height": 1425, "position": [2.2574954333941877, -1.743494129104214, 1.5280102692212512], "rotation": [[-0.7523652107447304, 0.41971019865305154, -0.5077301830772454], [-0.3551535602504029, 0.39070317703040636, 0.8492449447007678], [0.5548085600479686, 0.8192645339601629, -0.1448899068000823]], "fy": 1583.6532850933527, "fx": 1582.7461213003937}, {"id": 53, "img_name": "39", "width": 1900, "height": 1425, "position": [0.7737732080818384, -2.067907310645954, 1.674903312159614], "rotation": [[-0.9859531891247437, 0.16514363420598094, -0.024977768835257562], [-0.005645434011994371, 0.11651142170484749, 0.9931733069747349], [0.16692644466819095, 0.9793633997110346, -0.11394250030994103]], "fy": 1583.6532850933527, "fx": 1582.7461213003937}, {"id": 54, "img_name": "4", "width": 1900, "height": 1425, "position": [-2.067376476317496, 2.0291010264084113, -3.971752252214233], "rotation": [[0.7512942576040512, -0.42848218553580125, 0.5019561287300326], [0.4883792284371752, 0.872521849209606, 0.013832999781656844], [-0.4438948836405835, 0.23475229355708785, 0.8647824541162936]], "fy": 1583.6532850933527, "fx": 1582.7461213003937}, {"id": 55, "img_name": "40", "width": 1900, "height": 1425, "position": [-1.2144526306831158, -1.2936572941566347, 0.5641994118725333], "rotation": [[-0.6165136051061728, -0.5382635156591423, 0.5746158389996314], [0.5495706101376485, 0.2284225304930818, 0.8036138948749393], [-0.5638112442936222, 0.8112308766765459, 0.15498821095386606]], "fy": 1583.6532850933527, "fx": 1582.7461213003937}, {"id": 56, "img_name": "41", "width": 1900, "height": 1425, "position": [-1.297306680815888, -0.21899069747705535, -0.8423276563752439], "rotation": [[0.05535838634806638, -0.7541787939014168, 0.6543315641861867], [0.7061236254810913, 0.49289784247152907, 0.5083710676507376], [-0.7059212949036011, 0.4338963743986754, 0.5598294934042928]], "fy": 1583.6532850933527, "fx": 1582.7461213003937}, {"id": 57, "img_name": "42", "width": 1900, "height": 1425, "position": [0.5131599303531122, 0.7931411540355495, -2.1913737264136732], "rotation": [[0.9452470432339288, -0.29672025107103445, 0.1358864226545738], [0.2697510247322878, 0.944710541495221, 0.18643062367456373], [-0.18369107739189702, -0.13956749403836266, 0.9730254378455147]], "fy": 1583.6532850933527, "fx": 1582.7461213003937}, {"id": 58, "img_name": "43", "width": 1900, "height": 1425, "position": [2.037536354839165, 0.3332011249442206, -1.5590291318388605], "rotation": [[0.9151636107141885, 0.21923059592923827, -0.3382506636107017], [-0.13006704585979664, 0.9548836510889901, 0.26698272690244473], [0.3815208109734967, -0.20033761177440168, 0.9023894459171463]], "fy": 1583.6532850933527, "fx": 1582.7461213003937}, {"id": 59, "img_name": "44", "width": 1900, "height": 1425, "position": [2.5157363023160917, -0.7255227298269914, -0.01767427846729517], "rotation": [[0.33543275898168967, 0.6786480292227208, -0.6533924675369688], [-0.40180871052384326, 0.7303882491521121, 0.5523429782731727], [0.8520766540336017, 0.07726485574068762, 0.5176828350624276]], "fy": 1583.6532850933527, "fx": 1582.7461213003937}, {"id": 60, "img_name": "45", "width": 1900, "height": 1425, "position": [0.9064511522274133, -2.1363653103005, 1.7895551256196747], "rotation": [[-0.9355080496187164, 0.3397614915657377, -0.09688559205376995], [-0.03980582720670753, 0.17111986390738587, 0.9844457772252909], [0.35105581496248445, 0.9248135601435258, -0.14655952291025945]], "fy": 1583.6532850933527, "fx": 1582.7461213003937}, {"id": 61, "img_name": "46", "width": 1900, "height": 1425, "position": [-1.04987251407435, -1.8791634551430108, 1.4440205446986754], "rotation": [[-0.8045795331173083, -0.3265741942185088, 0.4959849499322193], [0.45827058631414547, 0.18973167782052203, 0.8683259527105586], [-0.37767690504983725, 0.9259326034339332, -0.0029948772988136686]], "fy": 1583.6532850933527, "fx": 1582.7461213003937}, {"id": 62, "img_name": "47", "width": 1900, "height": 1425, "position": [-2.3057734794893974, -0.3968651970036057, -0.569108241891963], "rotation": [[-0.05371880936970031, -0.6936644613725701, 0.7182923531185642], [0.7090530736394326, 0.47999946963869927, 0.5165696931770589], [-0.7031059865215024, 0.5370569096243616, 0.4660599184035838]], "fy": 1583.6532850933527, "fx": 1582.7461213003937}, {"id": 63, "img_name": "48", "width": 1900, "height": 1425, "position": [-1.7918696500870348, 0.6154163137168125, -1.9740651177012376], "rotation": [[0.561039643182698, -0.6309906830697228, 0.5358033936591249], [0.6018022217518864, 0.7553478715415847, 0.2593909768131716], [-0.5683912426066435, 0.17691905165018879, 0.8035116953046006]], "fy": 1583.6532850933527, "fx": 1582.7461213003937}, {"id": 64, "img_name": "49", "width": 1900, "height": 1425, "position": [1.245330227427764, 0.6479829059587091, -2.282806870246723], "rotation": [[0.9843299307353943, -0.019760325348497, -0.17522590276718625], [0.05249878429952584, 0.9814802187693603, 0.1842293619690419], [0.16834032525074236, -0.19054162197947708, 0.9671377488175633]], "fy": 1583.6532850933527, "fx": 1582.7461213003937}, {"id": 65, "img_name": "5", "width": 1900, "height": 1425, "position": [0.23218199277073082, 2.2121014913233443, -4.263297325185869], "rotation": [[0.9867013843134566, -0.1602407138056762, 0.027263378971723075], [0.16217910506767513, 0.981766705617148, -0.09915681328632946], [-0.010877319217362798, 0.10225971533648714, 0.994698263065712]], "fy": 1583.6532850933527, "fx": 1582.7461213003937}, {"id": 66, "img_name": "50", "width": 1900, "height": 1425, "position": [2.437727068442855, -0.31105899547439847, -0.9767417675972841], "rotation": [[0.5557093866248286, 0.64129970568179, -0.5290763320254519], [-0.4017836155092453, 0.7642955685885288, 0.5044028252738643], [0.7278440794053181, -0.06772718308321371, 0.6823899359942506]], "fy": 1583.6532850933527, "fx": 1582.7461213003937}, {"id": 67, "img_name": "51", "width": 1900, "height": 1425, "position": [2.346571831280971, -1.4261010783709531, 0.2858101638045305], "rotation": [[-0.3058438921131524, 0.8074264358062538, -0.5045017982309755], [-0.4318873517475012, 0.35457839170460087, 0.8293054199368944], [0.8484885556432734, 0.47152594297386025, 0.24027162971312976]], "fy": 1583.6532850933527, "fx": 1582.7461213003937}, {"id": 68, "img_name": "52", "width": 1900, "height": 1425, "position": [0.059189607640006046, -2.457668371003706, 1.2337999265167627], "rotation": [[-0.9879562951177812, -0.07290709727991757, 0.13648045319152446], [0.12894930247639402, 0.09958613063802135, 0.986638069392925], [-0.08552447794636754, 0.992354350900304, -0.08898542533043065]], "fy": 1583.6532850933527, "fx": 1582.7461213003937}, {"id": 69, "img_name": "53", "width": 1900, "height": 1425, "position": [-1.7743931608365355, -2.0535600430443925, 0.6551044361199638], "rotation": [[-0.5184413524912369, -0.5803634350551545, 0.6280102286412522], [0.5549591858492599, 0.3303866662498723, 0.7634559272189992], [-0.6505681102456398, 0.7443271686666263, 0.15079190931923403]], "fy": 1583.6532850933527, "fx": 1582.7461213003937}, {"id": 70, "img_name": "54", "width": 1900, "height": 1425, "position": [-2.2528333563322906, -0.6682446833548342, -1.2042634880083944], "rotation": [[0.18998056118989867, -0.7074695184990113, 0.6807306859285454], [0.6205327761810071, 0.6238319633882687, 0.4751555062716094], [-0.7608195975755769, 0.3321453926368909, 0.5575239708703318]], "fy": 1583.6532850933527, "fx": 1582.7461213003937}, {"id": 71, "img_name": "55", "width": 1900, "height": 1425, "position": [-0.7592443154235701, -0.05572033824902707, -2.1979832877210366], "rotation": [[0.8702204430850549, -0.38499035892392514, 0.3074065776337225], [0.2916658311041788, 0.9054644892140993, 0.30832629102715], [-0.397048389246398, -0.17865184663998707, 0.9002422420043193]], "fy": 1583.6532850933527, "fx": 1582.7461213003937}, {"id": 72, "img_name": "56", "width": 1900, "height": 1425, "position": [1.0838002004533123, -0.18064502213443212, -1.880932580437331], "rotation": [[0.9550861237104771, 0.23594436934814272, -0.17927841718567944], [-0.15887535549148749, 0.9184152111297288, 0.3623149477774676], [0.25013819722934916, -0.3175590567728194, 0.9146513695110331]], "fy": 1583.6532850933527, "fx": 1582.7461213003937}, {"id": 73, "img_name": "57", "width": 1900, "height": 1425, "position": [1.9629155771411513, -0.9100647580870063, -0.710662798829418], "rotation": [[0.41573158364493745, 0.775885779240997, -0.4745192387371276], [-0.4983264521134552, 0.6307807627481261, 0.5947994422247793], [0.7608140360719489, -0.010811425367782455, 0.6488798930444896]], "fy": 1583.6532850933527, "fx": 1582.7461213003937}, {"id": 74, "img_name": "58", "width": 1900, "height": 1425, "position": [1.4580117085173605, -1.8000126093448876, 0.5064487380404618], "rotation": [[-0.5479589916757706, 0.7571382637602856, -0.35564391319370736], [-0.4195914844302855, 0.11902246245944711, 0.8998759023463618], [0.7236600926092736, 0.6423202495485799, 0.25246933949410133]], "fy": 1583.6532850933527, "fx": 1582.7461213003937}, {"id": 75, "img_name": "59", "width": 1900, "height": 1425, "position": [-0.009671183740860591, -2.2406033630645164, 1.2658016184052292], "rotation": [[-0.9857973860638491, 0.16436186946280268, 0.034477376587767776], [0.04435018500850372, 0.056780331151889955, 0.9974011505327198], [0.16197708084600626, 0.9847645250825062, -0.06326338134839171]], "fy": 1583.6532850933527, "fx": 1582.7461213003937}, {"id": 76, "img_name": "6", "width": 1900, "height": 1425, "position": [2.0625086490502342, 1.4320052383101587, -3.2269153716301444], "rotation": [[0.8060688159252448, 0.2696490231980117, -0.526822995209237], [-0.2839321146351219, 0.9572356875136177, 0.055519301410949046], [0.5192644974111958, 0.1048295895188469, 0.848159854561396]], "fy": 1583.6532850933527, "fx": 1582.7461213003937}, {"id": 77, "img_name": "60", "width": 1900, "height": 1425, "position": [-2.1194972555958773, -0.9936261305262464, 1.5260994566714592], "rotation": [[-0.7318217643213654, -0.3108767836753714, 0.6064590098574014], [0.5726743926033598, 0.20187683258477676, 0.7945374657761021], [-0.36943327587256725, 0.9287633551326162, 0.030293313467979303]], "fy": 1583.6532850933527, "fx": 1582.7461213003937}, {"id": 78, "img_name": "61", "width": 1900, "height": 1425, "position": [-3.168052024089125, -0.05726513239012196, 1.3518926589867242], "rotation": [[-0.43288718411901506, -0.3703080832984924, 0.8218762736989709], [0.7583363037611206, 0.3433383183744435, 0.5541162779902158], [-0.4873753545507098, 0.8631284507995352, 0.13219130530017362]], "fy": 1583.6532850933527, "fx": 1582.7461213003937}, {"id": 79, "img_name": "62", "width": 1900, "height": 1425, "position": [-3.329515630251683, 1.0153542569662, 0.5652750279195222], "rotation": [[-0.18046303143383552, -0.45293146417822844, 0.8730900200111533], [0.8397863804882698, 0.3911598784369135, 0.3765007100227436], [-0.5120468039467889, 0.8011535672132936, 0.30977577747347107]], "fy": 1583.6532850933527, "fx": 1582.7461213003937}, {"id": 80, "img_name": "63", "width": 1900, "height": 1425, "position": [-2.414907051013166, 2.566614008406242, -1.2448714792891895], "rotation": [[0.634184771286888, -0.5104168378529689, 0.5807618509371749], [0.6636644785160045, 0.7447301258510205, -0.0701890276752912], [-0.39668518477991727, 0.42994382340731335, 0.8110420290527633]], "fy": 1583.6532850933527, "fx": 1582.7461213003937}, {"id": 81, "img_name": "64", "width": 1900, "height": 1425, "position": [-0.09158302295602523, 3.207155878410956, -1.9601005949297665], "rotation": [[0.9553243595087932, -0.2785442440759346, -0.09883558175717974], [0.25699965324671775, 0.9480176243039599, -0.1876533033019751], [0.14596762093074206, 0.15386906154663585, 0.9772501038826124]], "fy": 1583.6532850933527, "fx": 1582.7461213003937}, {"id": 82, "img_name": "65", "width": 1900, "height": 1425, "position": [2.132440605540469, 2.838569995440774, -1.353240931828292], "rotation": [[0.7325020148017957, 0.08546288216036982, -0.6753790743605789], [-0.1585390802191144, 0.9862262370664101, -0.04715049697623856], [0.6620469457331456, 0.14161181128236378, 0.7359619124321185]], "fy": 1583.6532850933527, "fx": 1582.7461213003937}, {"id": 83, "img_name": "66", "width": 1900, "height": 1425, "position": [2.9942310735144875, 2.543765332471565, -1.7463003428897441], "rotation": [[0.7563738971263154, 0.09514818235372506, -0.6471826258025877], [-0.191292140726516, 0.9782887804633273, -0.07973944391480621], [0.6255444385830767, 0.184113783879312, 0.7581531968826786]], "fy": 1583.6532850933527, "fx": 1582.7461213003937}, {"id": 84, "img_name": "67", "width": 1900, "height": 1425, "position": [2.8656009636761266, 3.0449727151126127, -3.4267221528089813], "rotation": [[0.8449384815677669, 0.09404971247821553, -0.5265297844839564], [-0.20315547188654934, 0.967076265961272, -0.153268881567514], [0.49477956365285547, 0.23647018289240643, 0.8362266654408492]], "fy": 1583.6532850933527, "fx": 1582.7461213003937}, {"id": 85, "img_name": "68", "width": 1900, "height": 1425, "position": [3.4355775962187036, 1.6995977331442447, -1.836256665659656], "rotation": [[0.446238170335118, 0.21989338705658176, -0.867478180512196], [-0.2734855758528757, 0.9564771288242688, 0.10177004390538487], [0.8521015990692581, 0.19182909154991937, 0.4869542735193371]], "fy": 1583.6532850933527, "fx": 1582.7461213003937}, {"id": 86, "img_name": "69", "width": 1900, "height": 1425, "position": [3.4634766117065494, 1.2970822169712206, -0.16994430326617269], "rotation": [[0.308534816898401, 0.2753852138117939, -0.9104774850457878], [-0.31979094132091584, 0.9314910382612659, 0.17337300680334142], [0.8958459804065388, 0.23767084308509848, 0.3754631136831763]], "fy": 1583.6532850933527, "fx": 1582.7461213003937}, {"id": 87, "img_name": "7", "width": 1900, "height": 1425, "position": [2.847556326569461, 0.016043058051664363, -1.1276035001493612], "rotation": [[0.43449213664366154, 0.4966122559369512, -0.751393938256117], [-0.4291460042184465, 0.847617306891842, 0.3120554568033731], [0.7918650707400637, 0.1868720640187635, 0.5814022200088338]], "fy": 1583.6532850933527, "fx": 1582.7461213003937}, {"id": 88, "img_name": "70", "width": 1900, "height": 1425, "position": [3.115257196036364, -0.4832755545620497, 2.32369487251359], "rotation": [[-0.4530267034876819, 0.32375537794123704, -0.8306318445504063], [-0.3692350038852393, 0.7799155115286928, 0.5053684861393762], [0.8114384251641963, 0.5356437716720547, -0.233780734954753]], "fy": 1583.6532850933527, "fx": 1582.7461213003937}, {"id": 89, "img_name": "71", "width": 1900, "height": 1425, "position": [3.2477117297447107, -1.1295338735742448, 3.1124081968323565], "rotation": [[-0.7180908693374439, 0.3949725319005226, -0.5730115203189933], [-0.25645096192574796, 0.6152399485074341, 0.745461407376618], [0.6469763577608937, 0.6822583856609317, -0.3405071037346902]], "fy": 1583.6532850933527, "fx": 1582.7461213003937}, {"id": 90, "img_name": "72", "width": 1900, "height": 1425, "position": [2.7404078193704047, -1.9616160204385829, 3.8163943736877544], "rotation": [[-0.8516487522747292, 0.3496490260861007, -0.3904356045571895], [-0.13796445837996602, 0.5691145409138909, 0.8106012876527483], [0.5056285306159249, 0.7442138119367394, -0.43644655016366907]], "fy": 1583.6532850933527, "fx": 1582.7461213003937}, {"id": 91, "img_name": "73", "width": 1900, "height": 1425, "position": [1.4435834024242824, -1.7397963266348395, 4.139133466571242], "rotation": [[-0.925760257310465, 0.32423483472928855, -0.1945243376355059], [0.005117959779171223, 0.5251616619991234, 0.8509870946459864], [0.3780763844412398, 0.7868144639712652, -0.48783321618505066]], "fy": 1583.6532850933527, "fx": 1582.7461213003937}, {"id": 92, "img_name": "74", "width": 1900, "height": 1425, "position": [-0.6999374363018533, -1.0027238565631564, 3.8363557481229233], "rotation": [[-0.9625850794445425, 0.1568900369651297, 0.2209422574606853], [0.2707142050045262, 0.5206858460997777, 0.809691341734692], [0.011990998269989506, 0.8392090120896218, -0.543676788163749]], "fy": 1583.6532850933527, "fx": 1582.7461213003937}, {"id": 93, "img_name": "75", "width": 1900, "height": 1425, "position": [-2.772798397243377, -0.22890546436092452, 3.127972466346681], "rotation": [[-0.6017083021062448, -0.008473678861995616, 0.7986709685114161], [0.6642062411919404, 0.5500463263210441, 0.5062401683612208], [-0.44359574878271035, 0.835091154106704, -0.32533917070441926]], "fy": 1583.6532850933527, "fx": 1582.7461213003937}, {"id": 94, "img_name": "76", "width": 1900, "height": 1425, "position": [-3.195143978128145, 0.9980443301141975, 1.6134183258599393], "rotation": [[-0.10112472136449999, -0.21685550252083932, 0.9709518431700853], [0.7473007401576482, 0.627699897344827, 0.21802394967783792], [-0.6567460654535988, 0.7476406422203971, 0.09858030032156127]], "fy": 1583.6532850933527, "fx": 1582.7461213003937}, {"id": 95, "img_name": "77", "width": 1900, "height": 1425, "position": [-2.743284900267154, 2.3102004240289777, -0.0829091913548949], "rotation": [[0.44030609120567366, -0.2262284595817727, 0.8688792954849593], [0.6902880731250485, 0.7041228101823145, -0.1664735543029822], [-0.5741366754950329, 0.6730763346428236, 0.46619236973087924]], "fy": 1583.6532850933527, "fx": 1582.7461213003937}, {"id": 96, "img_name": "78", "width": 1900, "height": 1425, "position": [-1.2275057760207801, 3.256087715667236, -1.4505124899806876], "rotation": [[0.887728364624823, -0.2282800918577784, 0.39978312908618574], [0.3999663996585557, 0.8124417839751764, -0.42422308611791204], [-0.22795883353077181, 0.5364946852603826, 0.8125319826952371]], "fy": 1583.6532850933527, "fx": 1582.7461213003937}, {"id": 97, "img_name": "79", "width": 1900, "height": 1425, "position": [1.012015927674805, 3.5073854213424394, -1.69960812653574], "rotation": [[0.9457485097626606, -0.07980703493348738, -0.3149453817042441], [-0.07097484354585563, 0.8952014322189497, -0.43997382574055777], [0.3170525632530799, 0.43845778922065753, 0.840971128640208]], "fy": 1583.6532850933527, "fx": 1582.7461213003937}, {"id": 98, "img_name": "8", "width": 1900, "height": 1425, "position": [2.945698048957842, -1.1184279021875019, 0.6774554648786818], "rotation": [[-0.16947235869671487, 0.6344457619925364, -0.754160257987307], [-0.5042805223703517, 0.6016417687703872, 0.6194580993325737], [0.846746877405318, 0.4852893540564738, 0.21797699062927134]], "fy": 1583.6532850933527, "fx": 1582.7461213003937}, {"id": 99, "img_name": "80", "width": 1900, "height": 1425, "position": [1.9944904623730517, 3.3009804350954464, -1.4060220159485926], "rotation": [[0.7386793013009885, -0.021107918465062107, -0.6737264620063217], [-0.2905610012547597, 0.8919081911741693, -0.3465170747109771], [0.6082164042339823, 0.4517236260087507, 0.6527009815575517]], "fy": 1583.6532850933527, "fx": 1582.7461213003937}, {"id": 100, "img_name": "83", "width": 1900, "height": 1425, "position": [1.8188789555190614, -0.48881492284313216, 3.4987281564535286], "rotation": [[-0.8902318279469166, 0.18271366079554638, -0.417256528611574], [-0.15022539250533976, 0.7470073812462523, 0.6476204936613981], [0.43002281794912683, 0.6392149016741602, -0.6375615150875918]], "fy": 1583.6532850933527, "fx": 1582.7461213003937}, {"id": 101, "img_name": "84", "width": 1900, "height": 1425, "position": [2.628174228599027, -1.3641820307446353, 4.181998812643471], "rotation": [[-0.7955137449614675, 0.4083047893803983, -0.44771093413765195], [-0.19971428910701475, 0.5209080938441961, 0.8299210567843702]