{"h":0,"fl_y":1,"cy":240,"depth_integer_scale":1,"w":0,"frames":[{"fl_y":1601.5033,"timestamp":507643.293401041,"transform_matrix":[[0.4672534,-0.3298584,0.8202852,-0.61323315],[-0.8806393,-0.09135421,0.46489656,0.36212254],[-0.078413524,-0.9395999,-0.33317184,2.2826154],[0,0,0,1]],"depth_path":"images/25.depth.png","cy":718.8662,"file_path":"images/25","w":1920,"fl_x":1601.5033,"cx":952.92633,"h":1440},{"fl_x":1601.5033,"cy":718.8055,"cx":952.9352,"h":1440,"depth_path":"images/26.depth.png","file_path":"images/26","timestamp":507646.34391475,"w":1920,"fl_y":1601.5033,"transform_matrix":[[0.46901718,-0.32966375,0.8193563,-0.6230299],[-0.87445486,-0.04318729,0.4831806,0.361233],[-0.12390135,-0.9431101,-0.30853167,2.288915],[0,0,0,0.99999994]]},{"fl_y":1601.5033,"cx":952.8929,"timestamp":507649.394429541,"cy":718.78455,"file_path":"images/27","fl_x":1601.5033,"depth_path":"images/27.depth.png","w":1920,"transform_matrix":[[0.41995594,-0.32278085,0.84820384,-0.6142372],[-0.90016526,-0.02920661,0.43456817,0.35429525],[-0.11549714,-0.94602305,-0.3028216,2.2983232],[0,0,0,1.0000001]],"h":1440}],"fl_x":1,"cx":320}